-0.000202,	-0.000215,	-0.000230,	-0.000246,	-0.000265,	-0.000285,	-0.000308,	-0.000334,	-0.000363,	-0.000396,	-0.000435,	-0.000479,	-0.000532,	-0.000593,	-0.000667,	-0.000756,	-0.000865,	-0.001001,	-0.001173,	-0.001398,	-0.001699,	0.000364,	0.000339,	0.000318,	0.000300,	0.000285,	0.000272,	0.000261,	0.000252,	0.000244,	0.000238,	0.000233,	0.000230,	0.000228,	0.000226,	0.000226,	0.000228,	0.000230,	0.000233,	0.000238,	0.000244,	0.000252,	0.000261,	0.000272,	0.000285,	0.000300,	0.000318,	0.000339,	0.000364,	-0.002026,	-0.001398,	-0.001173,	-0.001001,	-0.000865,	-0.000756,	-0.000667,	-0.000593,	-0.000532,	-0.000479,	-0.000435,	-0.000396,	-0.000363,	-0.000334,	-0.000308,	-0.000285,	-0.000265,	-0.000246,	-0.000230,	-0.000215,	-0.000202
-0.000215,	-0.000230,	-0.000245,	-0.000263,	-0.000282,	-0.000304,	-0.000329,	-0.000357,	-0.000388,	-0.000424,	-0.000466,	-0.000514,	-0.000571,	-0.000637,	-0.000717,	-0.000814,	-0.000934,	-0.001083,	-0.001273,	-0.001522,	-0.001857,	0.000398,	0.000369,	0.000345,	0.000324,	0.000307,	0.000292,	0.000279,	0.000269,	0.000260,	0.000253,	0.000248,	0.000244,	0.000241,	0.000240,	0.000240,	0.000241,	0.000244,	0.000248,	0.000253,	0.000260,	0.000269,	0.000279,	0.000292,	0.000307,	0.000324,	0.000345,	0.000369,	0.000398,	-0.002215,	-0.001522,	-0.001273,	-0.001083,	-0.000934,	-0.000814,	-0.000717,	-0.000637,	-0.000571,	-0.000514,	-0.000466,	-0.000424,	-0.000388,	-0.000357,	-0.000329,	-0.000304,	-0.000282,	-0.000263,	-0.000245,	-0.000230,	-0.000215
-0.000230,	-0.000245,	-0.000262,	-0.000281,	-0.000302,	-0.000326,	-0.000352,	-0.000382,	-0.000416,	-0.000455,	-0.000500,	-0.000553,	-0.000614,	-0.000687,	-0.000774,	-0.000880,	-0.001011,	-0.001176,	-0.001387,	-0.001664,	-0.002039,	0.000437,	0.000403,	0.000375,	0.000351,	0.000331,	0.000314,	0.000300,	0.000288,	0.000278,	0.000270,	0.000264,	0.000259,	0.000257,	0.000255,	0.000255,	0.000257,	0.000259,	0.000264,	0.000270,	0.000278,	0.000288,	0.000300,	0.000314,	0.000331,	0.000351,	0.000375,	0.000403,	0.000437,	-0.002434,	-0.001664,	-0.001387,	-0.001176,	-0.001011,	-0.000880,	-0.000774,	-0.000687,	-0.000614,	-0.000553,	-0.000500,	-0.000455,	-0.000416,	-0.000382,	-0.000352,	-0.000326,	-0.000302,	-0.000281,	-0.000262,	-0.000245,	-0.000230
-0.000246,	-0.000263,	-0.000281,	-0.000302,	-0.000324,	-0.000350,	-0.000378,	-0.000411,	-0.000448,	-0.000490,	-0.000539,	-0.000596,	-0.000663,	-0.000743,	-0.000839,	-0.000955,	-0.001100,	-0.001283,	-0.001518,	-0.001828,	-0.002252,	0.000482,	0.000443,	0.000409,	0.000382,	0.000358,	0.000339,	0.000322,	0.000309,	0.000298,	0.000289,	0.000282,	0.000277,	0.000273,	0.000272,	0.000272,	0.000273,	0.000277,	0.000282,	0.000289,	0.000298,	0.000309,	0.000322,	0.000339,	0.000358,	0.000382,	0.000409,	0.000443,	0.000482,	-0.002689,	-0.001828,	-0.001518,	-0.001283,	-0.001100,	-0.000955,	-0.000839,	-0.000743,	-0.000663,	-0.000596,	-0.000539,	-0.000490,	-0.000448,	-0.000411,	-0.000378,	-0.000350,	-0.000324,	-0.000302,	-0.000281,	-0.000263,	-0.000246
-0.000265,	-0.000282,	-0.000302,	-0.000324,	-0.000349,	-0.000376,	-0.000407,	-0.000443,	-0.000483,	-0.000529,	-0.000583,	-0.000645,	-0.000719,	-0.000806,	-0.000912,	-0.001041,	-0.001202,	-0.001406,	-0.001669,	-0.002020,	-0.002502,	0.000536,	0.000489,	0.000449,	0.000417,	0.000389,	0.000367,	0.000348,	0.000332,	0.000319,	0.000309,	0.000301,	0.000295,	0.000292,	0.000290,	0.000290,	0.000292,	0.000295,	0.000301,	0.000309,	0.000319,	0.000332,	0.000348,	0.000367,	0.000389,	0.000417,	0.000449,	0.000489,	0.000536,	-0.002988,	-0.002020,	-0.001669,	-0.001406,	-0.001202,	-0.001041,	-0.000912,	-0.000806,	-0.000719,	-0.000645,	-0.000583,	-0.000529,	-0.000483,	-0.000443,	-0.000407,	-0.000376,	-0.000349,	-0.000324,	-0.000302,	-0.000282,	-0.000265
-0.000285,	-0.000304,	-0.000326,	-0.000350,	-0.000376,	-0.000406,	-0.000440,	-0.000479,	-0.000523,	-0.000573,	-0.000632,	-0.000701,	-0.000782,	-0.000879,	-0.000996,	-0.001140,	-0.001319,	-0.001548,	-0.001846,	-0.002245,	-0.002799,	0.000599,	0.000542,	0.000496,	0.000457,	0.000425,	0.000399,	0.000377,	0.000358,	0.000344,	0.000332,	0.000323,	0.000316,	0.000312,	0.000310,	0.000310,	0.000312,	0.000316,	0.000323,	0.000332,	0.000344,	0.000358,	0.000377,	0.000399,	0.000425,	0.000457,	0.000496,	0.000542,	0.000599,	-0.003344,	-0.002245,	-0.001846,	-0.001548,	-0.001319,	-0.001140,	-0.000996,	-0.000879,	-0.000782,	-0.000701,	-0.000632,	-0.000573,	-0.000523,	-0.000479,	-0.000440,	-0.000406,	-0.000376,	-0.000350,	-0.000326,	-0.000304,	-0.000285
-0.000308,	-0.000329,	-0.000352,	-0.000378,	-0.000407,	-0.000440,	-0.000477,	-0.000519,	-0.000568,	-0.000623,	-0.000688,	-0.000764,	-0.000854,	-0.000962,	-0.001092,	-0.001254,	-0.001456,	-0.001715,	-0.002054,	-0.002513,	-0.003155,	0.000675,	0.000606,	0.000550,	0.000504,	0.000466,	0.000435,	0.000409,	0.000388,	0.000371,	0.000357,	0.000347,	0.000339,	0.000334,	0.000332,	0.000332,	0.000334,	0.000339,	0.000347,	0.000357,	0.000371,	0.000388,	0.000409,	0.000435,	0.000466,	0.000504,	0.000550,	0.000606,	0.000675,	-0.003771,	-0.002513,	-0.002054,	-0.001715,	-0.001456,	-0.001254,	-0.001092,	-0.000962,	-0.000854,	-0.000764,	-0.000688,	-0.000623,	-0.000568,	-0.000519,	-0.000477,	-0.000440,	-0.000407,	-0.000378,	-0.000352,	-0.000329,	-0.000308
-0.000334,	-0.000357,	-0.000382,	-0.000411,	-0.000443,	-0.000479,	-0.000519,	-0.000566,	-0.000619,	-0.000681,	-0.000753,	-0.000837,	-0.000937,	-0.001058,	-0.001204,	-0.001386,	-0.001616,	-0.001911,	-0.002301,	-0.002833,	-0.003587,	0.000767,	0.000683,	0.000615,	0.000559,	0.000514,	0.000477,	0.000447,	0.000422,	0.000402,	0.000386,	0.000374,	0.000365,	0.000359,	0.000356,	0.000356,	0.000359,	0.000365,	0.000374,	0.000386,	0.000402,	0.000422,	0.000447,	0.000477,	0.000514,	0.000559,	0.000615,	0.000683,	0.000767,	-0.004289,	-0.002833,	-0.002301,	-0.001911,	-0.001616,	-0.001386,	-0.001204,	-0.001058,	-0.000937,	-0.000837,	-0.000753,	-0.000681,	-0.000619,	-0.000566,	-0.000519,	-0.000479,	-0.000443,	-0.000411,	-0.000382,	-0.000357,	-0.000334
-0.000363,	-0.000388,	-0.000416,	-0.000448,	-0.000483,	-0.000523,	-0.000568,	-0.000619,	-0.000678,	-0.000747,	-0.000827,	-0.000922,	-0.001034,	-0.001170,	-0.001336,	-0.001543,	-0.001805,	-0.002146,	-0.002599,	-0.003223,	-0.004119,	0.000881,	0.000776,	0.000692,	0.000624,	0.000570,	0.000525,	0.000489,	0.000460,	0.000437,	0.000418,	0.000404,	0.000394,	0.000387,	0.000384,	0.000384,	0.000387,	0.000394,	0.000404,	0.000418,	0.000437,	0.000460,	0.000489,	0.000525,	0.000570,	0.000624,	0.000692,	0.000776,	0.000881,	-0.004929,	-0.003223,	-0.002599,	-0.002146,	-0.001805,	-0.001543,	-0.001336,	-0.001170,	-0.001034,	-0.000922,	-0.000827,	-0.000747,	-0.000678,	-0.000619,	-0.000568,	-0.000523,	-0.000483,	-0.000448,	-0.000416,	-0.000388,	-0.000363
-0.000396,	-0.000424,	-0.000455,	-0.000490,	-0.000529,	-0.000573,	-0.000623,	-0.000681,	-0.000747,	-0.000824,	-0.000914,	-0.001020,	-0.001148,	-0.001302,	-0.001492,	-0.001729,	-0.002033,	-0.002430,	-0.002963,	-0.003707,	-0.004789,	0.001024,	0.000890,	0.000786,	0.000702,	0.000636,	0.000582,	0.000539,	0.000504,	0.000477,	0.000455,	0.000438,	0.000426,	0.000418,	0.000415,	0.000415,	0.000418,	0.000426,	0.000438,	0.000455,	0.000477,	0.000504,	0.000539,	0.000582,	0.000636,	0.000702,	0.000786,	0.000890,	0.001024,	-0.005735,	-0.003707,	-0.002963,	-0.002430,	-0.002033,	-0.001729,	-0.001492,	-0.001302,	-0.001148,	-0.001020,	-0.000914,	-0.000824,	-0.000747,	-0.000681,	-0.000623,	-0.000573,	-0.000529,	-0.000490,	-0.000455,	-0.000424,	-0.000396
-0.000435,	-0.000466,	-0.000500,	-0.000539,	-0.000583,	-0.000632,	-0.000688,	-0.000753,	-0.000827,	-0.000914,	-0.001016,	-0.001137,	-0.001283,	-0.001460,	-0.001678,	-0.001954,	-0.002309,	-0.002778,	-0.003415,	-0.004315,	-0.005647,	0.001207,	0.001034,	0.000901,	0.000797,	0.000715,	0.000650,	0.000598,	0.000556,	0.000523,	0.000497,	0.000477,	0.000463,	0.000454,	0.000449,	0.000449,	0.000454,	0.000463,	0.000477,	0.000497,	0.000523,	0.000556,	0.000598,	0.000650,	0.000715,	0.000797,	0.000901,	0.001034,	0.001207,	-0.006768,	-0.004315,	-0.003415,	-0.002778,	-0.002309,	-0.001954,	-0.001678,	-0.001460,	-0.001283,	-0.001137,	-0.001016,	-0.000914,	-0.000827,	-0.000753,	-0.000688,	-0.000632,	-0.000583,	-0.000539,	-0.000500,	-0.000466,	-0.000435
-0.000479,	-0.000514,	-0.000553,	-0.000596,	-0.000645,	-0.000701,	-0.000764,	-0.000837,	-0.000922,	-0.001020,	-0.001137,	-0.001276,	-0.001444,	-0.001649,	-0.001904,	-0.002228,	-0.002650,	-0.003211,	-0.003984,	-0.005094,	-0.006770,	0.001446,	0.001218,	0.001046,	0.000914,	0.000811,	0.000730,	0.000666,	0.000616,	0.000576,	0.000545,	0.000521,	0.000505,	0.000494,	0.000488,	0.000488,	0.000494,	0.000505,	0.000521,	0.000545,	0.000576,	0.000616,	0.000666,	0.000730,	0.000811,	0.000914,	0.001046,	0.001218,	0.001446,	-0.008122,	-0.005094,	-0.003984,	-0.003211,	-0.002650,	-0.002228,	-0.001904,	-0.001649,	-0.001444,	-0.001276,	-0.001137,	-0.001020,	-0.000922,	-0.000837,	-0.000764,	-0.000701,	-0.000645,	-0.000596,	-0.000553,	-0.000514,	-0.000479
-0.000532,	-0.000571,	-0.000614,	-0.000663,	-0.000719,	-0.000782,	-0.000854,	-0.000937,	-0.001034,	-0.001148,	-0.001283,	-0.001444,	-0.001640,	-0.001881,	-0.002182,	-0.002569,	-0.003076,	-0.003761,	-0.004717,	-0.006116,	-0.008282,	0.001769,	0.001458,	0.001231,	0.001059,	0.000929,	0.000828,	0.000748,	0.000686,	0.000638,	0.000600,	0.000572,	0.000552,	0.000539,	0.000533,	0.000533,	0.000539,	0.000552,	0.000572,	0.000600,	0.000638,	0.000686,	0.000748,	0.000828,	0.000929,	0.001059,	0.001231,	0.001458,	0.001769,	-0.009949,	-0.006116,	-0.004717,	-0.003761,	-0.003076,	-0.002569,	-0.002182,	-0.001881,	-0.001640,	-0.001444,	-0.001283,	-0.001148,	-0.001034,	-0.000937,	-0.000854,	-0.000782,	-0.000719,	-0.000663,	-0.000614,	-0.000571,	-0.000532
-0.000593,	-0.000637,	-0.000687,	-0.000743,	-0.000806,	-0.000879,	-0.000962,	-0.001058,	-0.001170,	-0.001302,	-0.001459,	-0.001649,	-0.001880,	-0.002167,	-0.002529,	-0.002998,	-0.003621,	-0.004473,	-0.005685,	-0.007497,	-0.010389,	0.002217,	0.001781,	0.001472,	0.001245,	0.001076,	0.000947,	0.000847,	0.000770,	0.000711,	0.000665,	0.000631,	0.000607,	0.000591,	0.000584,	0.000584,	0.000591,	0.000607,	0.000631,	0.000665,	0.000711,	0.000770,	0.000847,	0.000947,	0.001076,	0.001245,	0.001472,	0.001781,	0.002217,	-0.012498,	-0.007497,	-0.005685,	-0.004473,	-0.003621,	-0.002998,	-0.002529,	-0.002167,	-0.001880,	-0.001649,	-0.001459,	-0.001302,	-0.001170,	-0.001058,	-0.000962,	-0.000879,	-0.000806,	-0.000743,	-0.000687,	-0.000637,	-0.000593
-0.000667,	-0.000717,	-0.000774,	-0.000839,	-0.000912,	-0.000996,	-0.001092,	-0.001204,	-0.001336,	-0.001492,	-0.001678,	-0.001904,	-0.002182,	-0.002529,	-0.002972,	-0.003552,	-0.004333,	-0.005420,	-0.007000,	-0.009428,	-0.013447,	0.002868,	0.002230,	0.001796,	0.001487,	0.001263,	0.001096,	0.000969,	0.000872,	0.000798,	0.000741,	0.000700,	0.000670,	0.000651,	0.000642,	0.000642,	0.000651,	0.000670,	0.000700,	0.000741,	0.000798,	0.000872,	0.000969,	0.001096,	0.001263,	0.001487,	0.001796,	0.002230,	0.002868,	-0.016210,	-0.009428,	-0.007000,	-0.005420,	-0.004333,	-0.003552,	-0.002972,	-0.002529,	-0.002182,	-0.001904,	-0.001678,	-0.001492,	-0.001336,	-0.001204,	-0.001092,	-0.000996,	-0.000912,	-0.000839,	-0.000774,	-0.000717,	-0.000667
-0.000755,	-0.000814,	-0.000880,	-0.000955,	-0.001041,	-0.001140,	-0.001253,	-0.001386,	-0.001542,	-0.001729,	-0.001954,	-0.002228,	-0.002569,	-0.002998,	-0.003552,	-0.004288,	-0.005295,	-0.006727,	-0.008865,	-0.012267,	-0.018178,	0.003872,	0.002886,	0.002248,	0.001813,	0.001507,	0.001285,	0.001120,	0.000996,	0.000903,	0.000832,	0.000781,	0.000744,	0.000721,	0.000710,	0.000710,	0.000721,	0.000744,	0.000781,	0.000832,	0.000903,	0.000996,	0.001120,	0.001285,	0.001507,	0.001813,	0.002248,	0.002886,	0.003872,	-0.021972,	-0.012267,	-0.008865,	-0.006727,	-0.005295,	-0.004288,	-0.003552,	-0.002998,	-0.002569,	-0.002228,	-0.001954,	-0.001729,	-0.001542,	-0.001386,	-0.001253,	-0.001140,	-0.001041,	-0.000955,	-0.000880,	-0.000814,	-0.000755
-0.000865,	-0.000933,	-0.001011,	-0.001100,	-0.001202,	-0.001319,	-0.001456,	-0.001616,	-0.001805,	-0.002033,	-0.002309,	-0.002649,	-0.003076,	-0.003621,	-0.004333,	-0.005295,	-0.006641,	-0.008604,	-0.011635,	-0.016688,	-0.026061,	0.005543,	0.003896,	0.002906,	0.002268,	0.001836,	0.001533,	0.001313,	0.001151,	0.001031,	0.000942,	0.000877,	0.000831,	0.000803,	0.000789,	0.000789,	0.000803,	0.000831,	0.000877,	0.000942,	0.001031,	0.001151,	0.001313,	0.001533,	0.001836,	0.002268,	0.002906,	0.003896,	0.005543,	-0.031623,	-0.016688,	-0.011635,	-0.008604,	-0.006641,	-0.005295,	-0.004333,	-0.003621,	-0.003076,	-0.002649,	-0.002309,	-0.002033,	-0.001805,	-0.001616,	-0.001456,	-0.001319,	-0.001202,	-0.001100,	-0.001011,	-0.000933,	-0.000865
-0.001000,	-0.001083,	-0.001176,	-0.001283,	-0.001405,	-0.001548,	-0.001714,	-0.001911,	-0.002145,	-0.002429,	-0.002777,	-0.003211,	-0.003760,	-0.004472,	-0.005419,	-0.006727,	-0.008603,	-0.011435,	-0.016008,	-0.024123,	-0.040666,	0.008629,	0.005573,	0.003918,	0.002927,	0.002293,	0.001865,	0.001564,	0.001348,	0.001190,	0.001076,	0.000993,	0.000935,	0.000899,	0.000882,	0.000882,	0.000899,	0.000935,	0.000993,	0.001076,	0.001190,	0.001348,	0.001564,	0.001865,	0.002293,	0.002927,	0.003918,	0.005573,	0.008629,	-0.049645,	-0.024123,	-0.016008,	-0.011435,	-0.008603,	-0.006727,	-0.005419,	-0.004472,	-0.003760,	-0.003211,	-0.002777,	-0.002429,	-0.002145,	-0.001911,	-0.001714,	-0.001548,	-0.001405,	-0.001283,	-0.001176,	-0.001083,	-0.001000
-0.001173,	-0.001273,	-0.001387,	-0.001518,	-0.001669,	-0.001846,	-0.002054,	-0.002301,	-0.002599,	-0.002963,	-0.003414,	-0.003983,	-0.004716,	-0.005684,	-0.006998,	-0.008863,	-0.011633,	-0.016006,	-0.023521,	-0.038128,	-0.072635,	0.015351,	0.008670,	0.005596,	0.003939,	0.002955,	0.002325,	0.001899,	0.001603,	0.001392,	0.001241,	0.001134,	0.001060,	0.001014,	0.000992,	0.000992,	0.001014,	0.001060,	0.001134,	0.001241,	0.001392,	0.001603,	0.001899,	0.002325,	0.002955,	0.003939,	0.005596,	0.008670,	0.015351,	-0.089635,	-0.038128,	-0.023521,	-0.016006,	-0.011633,	-0.008863,	-0.006998,	-0.005684,	-0.004716,	-0.003983,	-0.003414,	-0.002963,	-0.002599,	-0.002301,	-0.002054,	-0.001846,	-0.001669,	-0.001518,	-0.001387,	-0.001273,	-0.001173
-0.001398,	-0.001522,	-0.001664,	-0.001828,	-0.002020,	-0.002245,	-0.002512,	-0.002833,	-0.003223,	-0.003706,	-0.004313,	-0.005092,	-0.006114,	-0.007495,	-0.009424,	-0.012262,	-0.016681,	-0.024115,	-0.038117,	-0.069592,	-0.166873,	0.034932,	0.015404,	0.008686,	0.005612,	0.003968,	0.002990,	0.002363,	0.001943,	0.001653,	0.001451,	0.001309,	0.001213,	0.001153,	0.001125,	0.001125,	0.001153,	0.001213,	0.001309,	0.001451,	0.001653,	0.001943,	0.002363,	0.002990,	0.003968,	0.005612,	0.008686,	0.015404,	0.034932,	-0.211088,	-0.069592,	-0.038117,	-0.024115,	-0.016681,	-0.012262,	-0.009424,	-0.007495,	-0.006114,	-0.005092,	-0.004313,	-0.003706,	-0.003223,	-0.002833,	-0.002512,	-0.002245,	-0.002020,	-0.001828,	-0.001664,	-0.001522,	-0.001398
-0.001698,	-0.001856,	-0.002039,	-0.002251,	-0.002501,	-0.002798,	-0.003153,	-0.003585,	-0.004117,	-0.004787,	-0.005644,	-0.006767,	-0.008278,	-0.010383,	-0.013439,	-0.018166,	-0.026041,	-0.040629,	-0.072559,	-0.166674,	-0.762897,	0.149042,	0.034899,	0.015366,	0.008675,	0.005636,	0.004006,	0.003032,	0.002411,	0.002000,	0.001721,	0.001529,	0.001401,	0.001323,	0.001286,	0.001286,	0.001323,	0.001401,	0.001529,	0.001721,	0.002000,	0.002411,	0.003032,	0.004006,	0.005636,	0.008675,	0.015366,	0.034899,	0.149042,	-1.103196,	-0.166674,	-0.072559,	-0.040629,	-0.026041,	-0.018166,	-0.013439,	-0.010383,	-0.008278,	-0.006767,	-0.005644,	-0.004787,	-0.004117,	-0.003585,	-0.003153,	-0.002798,	-0.002501,	-0.002251,	-0.002039,	-0.001856,	-0.001698
0.000364,	0.000398,	0.000437,	0.000482,	0.000536,	0.000599,	0.000675,	0.000767,	0.000881,	0.001024,	0.001207,	0.001447,	0.001769,	0.002217,	0.002868,	0.003873,	0.005545,	0.008633,	0.015363,	0.035001,	0.150454,	0.751014,	0.183628,	0.081518,	0.046191,	0.030073,	0.021406,	0.016218,	0.012908,	0.010713,	0.009220,	0.008197,	0.007513,	0.007094,	0.006896,	0.006896,	0.007094,	0.007513,	0.008197,	0.009220,	0.010713,	0.012908,	0.016218,	0.021406,	0.030073,	0.046191,	0.081518,	0.183628,	0.751014,	0.210549,	0.035001,	0.015363,	0.008633,	0.005545,	0.003873,	0.002868,	0.002217,	0.001769,	0.001447,	0.001207,	0.001024,	0.000881,	0.000767,	0.000675,	0.000599,	0.000536,	0.000482,	0.000437,	0.000398,	0.000364
0.000339,	0.000369,	0.000403,	0.000443,	0.000489,	0.000542,	0.000606,	0.000683,	0.000776,	0.000890,	0.001034,	0.001218,	0.001459,	0.001782,	0.002231,	0.002886,	0.003897,	0.005575,	0.008674,	0.015417,	0.034967,	0.183472,	0.085843,	0.049877,	0.032819,	0.023492,	0.017860,	0.014212,	0.011744,	0.010035,	0.008834,	0.007991,	0.007417,	0.007061,	0.006892,	0.006892,	0.007061,	0.007417,	0.007991,	0.008834,	0.010035,	0.011744,	0.014212,	0.017860,	0.023492,	0.032819,	0.049877,	0.085843,	0.183472,	0.043939,	0.015417,	0.008674,	0.005575,	0.003897,	0.002886,	0.002231,	0.001782,	0.001459,	0.001218,	0.001034,	0.000890,	0.000776,	0.000683,	0.000606,	0.000542,	0.000489,	0.000443,	0.000403,	0.000369,	0.000339
0.000318,	0.000345,	0.000375,	0.000409,	0.000449,	0.000496,	0.000550,	0.000615,	0.000692,	0.000786,	0.000901,	0.001046,	0.001231,	0.001472,	0.001796,	0.002248,	0.002906,	0.003919,	0.005598,	0.008690,	0.015379,	0.081460,	0.049867,	0.033855,	0.024674,	0.018977,	0.015219,	0.012623,	0.010780,	0.009453,	0.008494,	0.007805,	0.007330,	0.007031,	0.006888,	0.006888,	0.007031,	0.007330,	0.007805,	0.008494,	0.009453,	0.010780,	0.012623,	0.015219,	0.018977,	0.024674,	0.033855,	0.049867,	0.081460,	0.018853,	0.008690,	0.005598,	0.003919,	0.002906,	0.002248,	0.001796,	0.001472,	0.001231,	0.001046,	0.000901,	0.000786,	0.000692,	0.000615,	0.000550,	0.000496,	0.000449,	0.000409,	0.000375,	0.000345,	0.000318
0.000300,	0.000324,	0.000351,	0.000382,	0.000417,	0.000457,	0.000504,	0.000559,	0.000624,	0.000702,	0.000797,	0.000914,	0.001059,	0.001245,	0.001487,	0.001814,	0.002268,	0.002928,	0.003940,	0.005613,	0.008679,	0.046165,	0.032811,	0.024672,	0.019372,	0.015762,	0.013211,	0.011352,	0.009977,	0.008954,	0.008195,	0.007640,	0.007250,	0.007004,	0.006885,	0.006885,	0.007004,	0.007250,	0.007640,	0.008195,	0.008954,	0.009977,	0.011352,	0.013211,	0.015762,	0.019372,	0.024672,	0.032811,	0.046165,	0.010524,	0.005613,	0.003940,	0.002928,	0.002268,	0.001814,	0.001487,	0.001245,	0.001059,	0.000914,	0.000797,	0.000702,	0.000624,	0.000559,	0.000504,	0.000457,	0.000417,	0.000382,	0.000351,	0.000324,	0.000300
0.000285,	0.000307,	0.000331,	0.000358,	0.000389,	0.000425,	0.000466,	0.000514,	0.000570,	0.000636,	0.000715,	0.000811,	0.000929,	0.001076,	0.001263,	0.001508,	0.001836,	0.002293,	0.002955,	0.003968,	0.005638,	0.030060,	0.023486,	0.018974,	0.015762,	0.013415,	0.011662,	0.010330,	0.009308,	0.008527,	0.007934,	0.007493,	0.007179,	0.006979,	0.006882,	0.006882,	0.006979,	0.007179,	0.007493,	0.007934,	0.008527,	0.009308,	0.010330,	0.011662,	0.013415,	0.015762,	0.018974,	0.023486,	0.030060,	0.006794,	0.003968,	0.002955,	0.002293,	0.001836,	0.001508,	0.001263,	0.001076,	0.000929,	0.000811,	0.000715,	0.000636,	0.000570,	0.000514,	0.000466,	0.000425,	0.000389,	0.000358,	0.000331,	0.000307,	0.000285
0.000272,	0.000292,	0.000314,	0.000339,	0.000367,	0.000399,	0.000435,	0.000477,	0.000526,	0.000582,	0.000650,	0.000730,	0.000828,	0.000947,	0.001096,	0.001285,	0.001533,	0.001865,	0.002325,	0.002990,	0.004007,	0.021398,	0.017856,	0.015217,	0.013210,	0.011662,	0.010454,	0.009503,	0.008752,	0.008163,	0.007707,	0.007363,	0.007116,	0.006957,	0.006879,	0.006879,	0.006957,	0.007116,	0.007363,	0.007707,	0.008163,	0.008752,	0.009503,	0.010454,	0.011662,	0.013210,	0.015217,	0.017856,	0.021398,	0.004810,	0.002990,	0.002325,	0.001865,	0.001533,	0.001285,	0.001096,	0.000947,	0.000828,	0.000730,	0.000650,	0.000582,	0.000526,	0.000477,	0.000435,	0.000399,	0.000367,	0.000339,	0.000314,	0.000292,	0.000272
0.000261,	0.000279,	0.000300,	0.000322,	0.000348,	0.000377,	0.000409,	0.000447,	0.000489,	0.000539,	0.000598,	0.000666,	0.000748,	0.000847,	0.000969,	0.001120,	0.001313,	0.001564,	0.001900,	0.002363,	0.003033,	0.016213,	0.014209,	0.012621,	0.011351,	0.010329,	0.009503,	0.008832,	0.008288,	0.007854,	0.007512,	0.007250,	0.007060,	0.006937,	0.006877,	0.006877,	0.006937,	0.007060,	0.007250,	0.007512,	0.007854,	0.008288,	0.008832,	0.009503,	0.010329,	0.011351,	0.012621,	0.014209,	0.016213,	0.003630,	0.002363,	0.001900,	0.001564,	0.001313,	0.001120,	0.000969,	0.000847,	0.000748,	0.000666,	0.000598,	0.000539,	0.000489,	0.000447,	0.000409,	0.000377,	0.000348,	0.000322,	0.000300,	0.000279,	0.000261
0.000252,	0.000269,	0.000288,	0.000309,	0.000332,	0.000358,	0.000388,	0.000422,	0.000460,	0.000504,	0.000556,	0.000616,	0.000686,	0.000770,	0.000872,	0.000996,	0.001151,	0.001348,	0.001603,	0.001943,	0.002412,	0.012905,	0.011742,	0.010778,	0.009976,	0.009308,	0.008751,	0.008288,	0.007906,	0.007594,	0.007346,	0.007153,	0.007012,	0.006920,	0.006874,	0.006874,	0.006920,	0.007012,	0.007153,	0.007346,	0.007594,	0.007906,	0.008288,	0.008751,	0.009308,	0.009976,	0.010778,	0.011742,	0.012905,	0.002881,	0.001943,	0.001603,	0.001348,	0.001151,	0.000996,	0.000872,	0.000770,	0.000686,	0.000616,	0.000556,	0.000504,	0.000460,	0.000422,	0.000388,	0.000358,	0.000332,	0.000309,	0.000288,	0.000269,	0.000252
0.000244,	0.000260,	0.000278,	0.000298,	0.000319,	0.000344,	0.000371,	0.000402,	0.000437,	0.000477,	0.000523,	0.000576,	0.000638,	0.000711,	0.000798,	0.000903,	0.001031,	0.001190,	0.001392,	0.001653,	0.002000,	0.010711,	0.010033,	0.009452,	0.008953,	0.008526,	0.008163,	0.007854,	0.007594,	0.007380,	0.007206,	0.007071,	0.006971,	0.006905,	0.006873,	0.006873,	0.006905,	0.006971,	0.007071,	0.007206,	0.007380,	0.007594,	0.007854,	0.008163,	0.008526,	0.008953,	0.009452,	0.010033,	0.010711,	0.002386,	0.001653,	0.001392,	0.001190,	0.001031,	0.000903,	0.000798,	0.000711,	0.000638,	0.000576,	0.000523,	0.000477,	0.000437,	0.000402,	0.000371,	0.000344,	0.000319,	0.000298,	0.000278,	0.000260,	0.000244
0.000238,	0.000253,	0.000270,	0.000289,	0.000309,	0.000332,	0.000357,	0.000386,	0.000418,	0.000455,	0.000497,	0.000545,	0.000600,	0.000665,	0.000741,	0.000832,	0.000942,	0.001076,	0.001241,	0.001451,	0.001721,	0.009219,	0.008833,	0.008493,	0.008194,	0.007934,	0.007707,	0.007512,	0.007345,	0.007206,	0.007093,	0.007003,	0.006937,	0.006893,	0.006871,	0.006871,	0.006893,	0.006937,	0.007003,	0.007093,	0.007206,	0.007345,	0.007512,	0.007707,	0.007934,	0.008194,	0.008493,	0.008833,	0.009219,	0.002050,	0.001451,	0.001241,	0.001076,	0.000942,	0.000832,	0.000741,	0.000665,	0.000600,	0.000545,	0.000497,	0.000455,	0.000418,	0.000386,	0.000357,	0.000332,	0.000309,	0.000289,	0.000270,	0.000253,	0.000238
0.000233,	0.000248,	0.000264,	0.000282,	0.000301,	0.000323,	0.000347,	0.000374,	0.000404,	0.000438,	0.000477,	0.000521,	0.000572,	0.000631,	0.000700,	0.000781,	0.000877,	0.000993,	0.001134,	0.001309,	0.001529,	0.008196,	0.007990,	0.007805,	0.007639,	0.007492,	0.007363,	0.007250,	0.007153,	0.007071,	0.007003,	0.006950,	0.006910,	0.006883,	0.006870,	0.006870,	0.006883,	0.006910,	0.006950,	0.007003,	0.007071,	0.007153,	0.007250,	0.007363,	0.007492,	0.007639,	0.007805,	0.007990,	0.008196,	0.001820,	0.001309,	0.001134,	0.000993,	0.000877,	0.000781,	0.000700,	0.000631,	0.000572,	0.000521,	0.000477,	0.000438,	0.000404,	0.000374,	0.000347,	0.000323,	0.000301,	0.000282,	0.000264,	0.000248,	0.000233
0.000230,	0.000244,	0.000259,	0.000277,	0.000295,	0.000316,	0.000339,	0.000365,	0.000394,	0.000426,	0.000463,	0.000505,	0.000552,	0.000607,	0.000670,	0.000744,	0.000831,	0.000935,	0.001060,	0.001213,	0.001401,	0.007512,	0.007416,	0.007329,	0.007250,	0.007179,	0.007116,	0.007060,	0.007012,	0.006971,	0.006937,	0.006910,	0.006889,	0.006876,	0.006869,	0.006869,	0.006876,	0.006889,	0.006910,	0.006937,	0.006971,	0.007012,	0.007060,	0.007116,	0.007179,	0.007250,	0.007329,	0.007416,	0.007512,	0.001667,	0.001213,	0.001060,	0.000935,	0.000831,	0.000744,	0.000670,	0.000607,	0.000552,	0.000505,	0.000463,	0.000426,	0.000394,	0.000365,	0.000339,	0.000316,	0.000295,	0.000277,	0.000259,	0.000244,	0.000230
0.000228,	0.000241,	0.000257,	0.000273,	0.000292,	0.000312,	0.000334,	0.000359,	0.000387,	0.000418,	0.000454,	0.000494,	0.000539,	0.000591,	0.000651,	0.000721,	0.000803,	0.000899,	0.001014,	0.001153,	0.001323,	0.007093,	0.007061,	0.007031,	0.007003,	0.006979,	0.006956,	0.006937,	0.006920,	0.006905,	0.006893,	0.006883,	0.006876,	0.006871,	0.006868,	0.006868,	0.006871,	0.006876,	0.006883,	0.006893,	0.006905,	0.006920,	0.006937,	0.006956,	0.006979,	0.007003,	0.007031,	0.007061,	0.007093,	0.001573,	0.001153,	0.001014,	0.000899,	0.000803,	0.000721,	0.000651,	0.000591,	0.000539,	0.000494,	0.000454,	0.000418,	0.000387,	0.000359,	0.000334,	0.000312,	0.000292,	0.000273,	0.000257,	0.000241,	0.000228
0.000226,	0.000240,	0.000255,	0.000272,	0.000290,	0.000310,	0.000332,	0.000356,	0.000384,	0.000415,	0.000449,	0.000488,	0.000533,	0.000584,	0.000642,	0.000710,	0.000789,	0.000882,	0.000992,	0.001125,	0.001286,	0.006895,	0.006891,	0.006887,	0.006884,	0.006881,	0.006879,	0.006876,	0.006874,	0.006873,	0.006871,	0.006870,	0.006869,	0.006868,	0.006868,	0.006868,	0.006868,	0.006869,	0.006870,	0.006871,	0.006873,	0.006874,	0.006876,	0.006879,	0.006881,	0.006884,	0.006887,	0.006891,	0.006895,	0.001528,	0.001125,	0.000992,	0.000882,	0.000789,	0.000710,	0.000642,	0.000584,	0.000533,	0.000488,	0.000449,	0.000415,	0.000384,	0.000356,	0.000332,	0.000310,	0.000290,	0.000272,	0.000255,	0.000240,	0.000226
0.000226,	0.000240,	0.000255,	0.000272,	0.000290,	0.000310,	0.000332,	0.000356,	0.000384,	0.000415,	0.000449,	0.000488,	0.000533,	0.000584,	0.000642,	0.000710,	0.000789,	0.000882,	0.000992,	0.001125,	0.001286,	0.006895,	0.006891,	0.006887,	0.006884,	0.006881,	0.006879,	0.006876,	0.006874,	0.006873,	0.006871,	0.006870,	0.006869,	0.006868,	0.006868,	0.006868,	0.006868,	0.006869,	0.006870,	0.006871,	0.006873,	0.006874,	0.006876,	0.006879,	0.006881,	0.006884,	0.006887,	0.006891,	0.006895,	0.001528,	0.001125,	0.000992,	0.000882,	0.000789,	0.000710,	0.000642,	0.000584,	0.000533,	0.000488,	0.000449,	0.000415,	0.000384,	0.000356,	0.000332,	0.000310,	0.000290,	0.000272,	0.000255,	0.000240,	0.000226
0.000228,	0.000241,	0.000257,	0.000273,	0.000292,	0.000312,	0.000334,	0.000359,	0.000387,	0.000418,	0.000454,	0.000494,	0.000539,	0.000591,	0.000651,	0.000721,	0.000803,	0.000899,	0.001014,	0.001153,	0.001323,	0.007093,	0.007061,	0.007031,	0.007003,	0.006979,	0.006956,	0.006937,	0.006920,	0.006905,	0.006893,	0.006883,	0.006876,	0.006871,	0.006868,	0.006868,	0.006871,	0.006876,	0.006883,	0.006893,	0.006905,	0.006920,	0.006937,	0.006956,	0.006979,	0.007003,	0.007031,	0.007061,	0.007093,	0.001573,	0.001153,	0.001014,	0.000899,	0.000803,	0.000721,	0.000651,	0.000591,	0.000539,	0.000494,	0.000454,	0.000418,	0.000387,	0.000359,	0.000334,	0.000312,	0.000292,	0.000273,	0.000257,	0.000241,	0.000228
0.000230,	0.000244,	0.000259,	0.000277,	0.000295,	0.000316,	0.000339,	0.000365,	0.000394,	0.000426,	0.000463,	0.000505,	0.000552,	0.000607,	0.000670,	0.000744,	0.000831,	0.000935,	0.001060,	0.001213,	0.001401,	0.007512,	0.007416,	0.007329,	0.007250,	0.007179,	0.007116,	0.007060,	0.007012,	0.006971,	0.006937,	0.006910,	0.006889,	0.006876,	0.006869,	0.006869,	0.006876,	0.006889,	0.006910,	0.006937,	0.006971,	0.007012,	0.007060,	0.007116,	0.007179,	0.007250,	0.007329,	0.007416,	0.007512,	0.001667,	0.001213,	0.001060,	0.000935,	0.000831,	0.000744,	0.000670,	0.000607,	0.000552,	0.000505,	0.000463,	0.000426,	0.000394,	0.000365,	0.000339,	0.000316,	0.000295,	0.000277,	0.000259,	0.000244,	0.000230
0.000233,	0.000248,	0.000264,	0.000282,	0.000301,	0.000323,	0.000347,	0.000374,	0.000404,	0.000438,	0.000477,	0.000521,	0.000572,	0.000631,	0.000700,	0.000781,	0.000877,	0.000993,	0.001134,	0.001309,	0.001529,	0.008196,	0.007990,	0.007805,	0.007639,	0.007492,	0.007363,	0.007250,	0.007153,	0.007071,	0.007003,	0.006950,	0.006910,	0.006883,	0.006870,	0.006870,	0.006883,	0.006910,	0.006950,	0.007003,	0.007071,	0.007153,	0.007250,	0.007363,	0.007492,	0.007639,	0.007805,	0.007990,	0.008196,	0.001820,	0.001309,	0.001134,	0.000993,	0.000877,	0.000781,	0.000700,	0.000631,	0.000572,	0.000521,	0.000477,	0.000438,	0.000404,	0.000374,	0.000347,	0.000323,	0.000301,	0.000282,	0.000264,	0.000248,	0.000233
0.000238,	0.000253,	0.000270,	0.000289,	0.000309,	0.000332,	0.000357,	0.000386,	0.000418,	0.000455,	0.000497,	0.000545,	0.000600,	0.000665,	0.000741,	0.000832,	0.000942,	0.001076,	0.001241,	0.001451,	0.001721,	0.009219,	0.008833,	0.008493,	0.008194,	0.007934,	0.007707,	0.007512,	0.007345,	0.007206,	0.007093,	0.007003,	0.006937,	0.006893,	0.006871,	0.006871,	0.006893,	0.006937,	0.007003,	0.007093,	0.007206,	0.007345,	0.007512,	0.007707,	0.007934,	0.008194,	0.008493,	0.008833,	0.009219,	0.002050,	0.001451,	0.001241,	0.001076,	0.000942,	0.000832,	0.000741,	0.000665,	0.000600,	0.000545,	0.000497,	0.000455,	0.000418,	0.000386,	0.000357,	0.000332,	0.000309,	0.000289,	0.000270,	0.000253,	0.000238
0.000244,	0.000260,	0.000278,	0.000298,	0.000319,	0.000344,	0.000371,	0.000402,	0.000437,	0.000477,	0.000523,	0.000576,	0.000638,	0.000711,	0.000798,	0.000903,	0.001031,	0.001190,	0.001392,	0.001653,	0.002000,	0.010711,	0.010033,	0.009452,	0.008953,	0.008526,	0.008163,	0.007854,	0.007594,	0.007380,	0.007206,	0.007071,	0.006971,	0.006905,	0.006873,	0.006873,	0.006905,	0.006971,	0.007071,	0.007206,	0.007380,	0.007594,	0.007854,	0.008163,	0.008526,	0.008953,	0.009452,	0.010033,	0.010711,	0.002386,	0.001653,	0.001392,	0.001190,	0.001031,	0.000903,	0.000798,	0.000711,	0.000638,	0.000576,	0.000523,	0.000477,	0.000437,	0.000402,	0.000371,	0.000344,	0.000319,	0.000298,	0.000278,	0.000260,	0.000244
0.000252,	0.000269,	0.000288,	0.000309,	0.000332,	0.000358,	0.000388,	0.000422,	0.000460,	0.000504,	0.000556,	0.000616,	0.000686,	0.000770,	0.000872,	0.000996,	0.001151,	0.001348,	0.001603,	0.001943,	0.002412,	0.012905,	0.011742,	0.010778,	0.009976,	0.009308,	0.008751,	0.008288,	0.007906,	0.007594,	0.007346,	0.007153,	0.007012,	0.006920,	0.006874,	0.006874,	0.006920,	0.007012,	0.007153,	0.007346,	0.007594,	0.007906,	0.008288,	0.008751,	0.009308,	0.009976,	0.010778,	0.011742,	0.012905,	0.002881,	0.001943,	0.001603,	0.001348,	0.001151,	0.000996,	0.000872,	0.000770,	0.000686,	0.000616,	0.000556,	0.000504,	0.000460,	0.000422,	0.000388,	0.000358,	0.000332,	0.000309,	0.000288,	0.000269,	0.000252
0.000261,	0.000279,	0.000300,	0.000322,	0.000348,	0.000377,	0.000409,	0.000447,	0.000489,	0.000539,	0.000598,	0.000666,	0.000748,	0.000847,	0.000969,	0.001120,	0.001313,	0.001564,	0.001900,	0.002363,	0.003033,	0.016213,	0.014209,	0.012621,	0.011351,	0.010329,	0.009503,	0.008832,	0.008288,	0.007854,	0.007512,	0.007250,	0.007060,	0.006937,	0.006877,	0.006877,	0.006937,	0.007060,	0.007250,	0.007512,	0.007854,	0.008288,	0.008832,	0.009503,	0.010329,	0.011351,	0.012621,	0.014209,	0.016213,	0.003630,	0.002363,	0.001900,	0.001564,	0.001313,	0.001120,	0.000969,	0.000847,	0.000748,	0.000666,	0.000598,	0.000539,	0.000489,	0.000447,	0.000409,	0.000377,	0.000348,	0.000322,	0.000300,	0.000279,	0.000261
0.000272,	0.000292,	0.000314,	0.000339,	0.000367,	0.000399,	0.000435,	0.000477,	0.000526,	0.000582,	0.000650,	0.000730,	0.000828,	0.000947,	0.001096,	0.001285,	0.001533,	0.001865,	0.002325,	0.002990,	0.004007,	0.021398,	0.017856,	0.015217,	0.013210,	0.011662,	0.010454,	0.009503,	0.008752,	0.008163,	0.007707,	0.007363,	0.007116,	0.006957,	0.006879,	0.006879,	0.006957,	0.007116,	0.007363,	0.007707,	0.008163,	0.008752,	0.009503,	0.010454,	0.011662,	0.013210,	0.015217,	0.017856,	0.021398,	0.004810,	0.002990,	0.002325,	0.001865,	0.001533,	0.001285,	0.001096,	0.000947,	0.000828,	0.000730,	0.000650,	0.000582,	0.000526,	0.000477,	0.000435,	0.000399,	0.000367,	0.000339,	0.000314,	0.000292,	0.000272
0.000285,	0.000307,	0.000331,	0.000358,	0.000389,	0.000425,	0.000466,	0.000514,	0.000570,	0.000636,	0.000715,	0.000811,	0.000929,	0.001076,	0.001263,	0.001508,	0.001836,	0.002293,	0.002955,	0.003968,	0.005638,	0.030060,	0.023486,	0.018974,	0.015762,	0.013415,	0.011662,	0.010330,	0.009308,	0.008527,	0.007934,	0.007493,	0.007179,	0.006979,	0.006882,	0.006882,	0.006979,	0.007179,	0.007493,	0.007934,	0.008527,	0.009308,	0.010330,	0.011662,	0.013415,	0.015762,	0.018974,	0.023486,	0.030060,	0.006794,	0.003968,	0.002955,	0.002293,	0.001836,	0.001508,	0.001263,	0.001076,	0.000929,	0.000811,	0.000715,	0.000636,	0.000570,	0.000514,	0.000466,	0.000425,	0.000389,	0.000358,	0.000331,	0.000307,	0.000285
0.000300,	0.000324,	0.000351,	0.000382,	0.000417,	0.000457,	0.000504,	0.000559,	0.000624,	0.000702,	0.000797,	0.000914,	0.001059,	0.001245,	0.001487,	0.001814,	0.002268,	0.002928,	0.003940,	0.005613,	0.008679,	0.046165,	0.032811,	0.024672,	0.019372,	0.015762,	0.013211,	0.011352,	0.009977,	0.008954,	0.008195,	0.007640,	0.007250,	0.007004,	0.006885,	0.006885,	0.007004,	0.007250,	0.007640,	0.008195,	0.008954,	0.009977,	0.011352,	0.013211,	0.015762,	0.019372,	0.024672,	0.032811,	0.046165,	0.010524,	0.005613,	0.003940,	0.002928,	0.002268,	0.001814,	0.001487,	0.001245,	0.001059,	0.000914,	0.000797,	0.000702,	0.000624,	0.000559,	0.000504,	0.000457,	0.000417,	0.000382,	0.000351,	0.000324,	0.000300
0.000318,	0.000345,	0.000375,	0.000409,	0.000449,	0.000496,	0.000550,	0.000615,	0.000692,	0.000786,	0.000901,	0.001046,	0.001231,	0.001472,	0.001796,	0.002248,	0.002906,	0.003919,	0.005598,	0.008690,	0.015379,	0.081460,	0.049867,	0.033855,	0.024674,	0.018977,	0.015219,	0.012623,	0.010780,	0.009453,	0.008494,	0.007805,	0.007330,	0.007031,	0.006888,	0.006888,	0.007031,	0.007330,	0.007805,	0.008494,	0.009453,	0.010780,	0.012623,	0.015219,	0.018977,	0.024674,	0.033855,	0.049867,	0.081460,	0.018853,	0.008690,	0.005598,	0.003919,	0.002906,	0.002248,	0.001796,	0.001472,	0.001231,	0.001046,	0.000901,	0.000786,	0.000692,	0.000615,	0.000550,	0.000496,	0.000449,	0.000409,	0.000375,	0.000345,	0.000318
0.000339,	0.000369,	0.000403,	0.000443,	0.000489,	0.000542,	0.000606,	0.000683,	0.000776,	0.000890,	0.001034,	0.001218,	0.001459,	0.001782,	0.002231,	0.002886,	0.003897,	0.005575,	0.008674,	0.015417,	0.034967,	0.183472,	0.085843,	0.049877,	0.032819,	0.023492,	0.017860,	0.014212,	0.011744,	0.010035,	0.008834,	0.007991,	0.007417,	0.007061,	0.006892,	0.006892,	0.007061,	0.007417,	0.007991,	0.008834,	0.010035,	0.011744,	0.014212,	0.017860,	0.023492,	0.032819,	0.049877,	0.085843,	0.183472,	0.043939,	0.015417,	0.008674,	0.005575,	0.003897,	0.002886,	0.002231,	0.001782,	0.001459,	0.001218,	0.001034,	0.000890,	0.000776,	0.000683,	0.000606,	0.000542,	0.000489,	0.000443,	0.000403,	0.000369,	0.000339
0.000364,	0.000398,	0.000437,	0.000482,	0.000536,	0.000599,	0.000675,	0.000767,	0.000881,	0.001024,	0.001207,	0.001447,	0.001769,	0.002217,	0.002868,	0.003873,	0.005545,	0.008633,	0.015363,	0.035001,	0.150454,	0.751014,	0.183628,	0.081518,	0.046191,	0.030073,	0.021406,	0.016218,	0.012908,	0.010713,	0.009220,	0.008197,	0.007513,	0.007094,	0.006896,	0.006896,	0.007094,	0.007513,	0.008197,	0.009220,	0.010713,	0.012908,	0.016218,	0.021406,	0.030073,	0.046191,	0.081518,	0.183628,	0.751014,	0.210549,	0.035001,	0.015363,	0.008633,	0.005545,	0.003873,	0.002868,	0.002217,	0.001769,	0.001447,	0.001207,	0.001024,	0.000881,	0.000767,	0.000675,	0.000599,	0.000536,	0.000482,	0.000437,	0.000398,	0.000364
-0.001698,	-0.001856,	-0.002039,	-0.002251,	-0.002501,	-0.002798,	-0.003153,	-0.003585,	-0.004117,	-0.004787,	-0.005644,	-0.006767,	-0.008278,	-0.010383,	-0.013439,	-0.018166,	-0.026041,	-0.040629,	-0.072559,	-0.166674,	-0.762897,	0.149042,	0.034899,	0.015366,	0.008675,	0.005636,	0.004006,	0.003032,	0.002411,	0.002000,	0.001721,	0.001529,	0.001401,	0.001323,	0.001286,	0.001286,	0.001323,	0.001401,	0.001529,	0.001721,	0.002000,	0.002411,	0.003032,	0.004006,	0.005636,	0.008675,	0.015366,	0.034899,	0.149042,	-1.103196,	-0.166674,	-0.072559,	-0.040629,	-0.026041,	-0.018166,	-0.013439,	-0.010383,	-0.008278,	-0.006767,	-0.005644,	-0.004787,	-0.004117,	-0.003585,	-0.003153,	-0.002798,	-0.002501,	-0.002251,	-0.002039,	-0.001856,	-0.001698
-0.001398,	-0.001522,	-0.001664,	-0.001828,	-0.002020,	-0.002245,	-0.002512,	-0.002833,	-0.003223,	-0.003706,	-0.004313,	-0.005092,	-0.006114,	-0.007495,	-0.009424,	-0.012262,	-0.016681,	-0.024115,	-0.038117,	-0.069592,	-0.166873,	0.034932,	0.015404,	0.008686,	0.005612,	0.003968,	0.002990,	0.002363,	0.001943,	0.001653,	0.001451,	0.001309,	0.001213,	0.001153,	0.001125,	0.001125,	0.001153,	0.001213,	0.001309,	0.001451,	0.001653,	0.001943,	0.002363,	0.002990,	0.003968,	0.005612,	0.008686,	0.015404,	0.034932,	-0.211088,	-0.069592,	-0.038117,	-0.024115,	-0.016681,	-0.012262,	-0.009424,	-0.007495,	-0.006114,	-0.005092,	-0.004313,	-0.003706,	-0.003223,	-0.002833,	-0.002512,	-0.002245,	-0.002020,	-0.001828,	-0.001664,	-0.001522,	-0.001398
-0.001173,	-0.001273,	-0.001387,	-0.001518,	-0.001669,	-0.001846,	-0.002054,	-0.002301,	-0.002599,	-0.002963,	-0.003414,	-0.003983,	-0.004716,	-0.005684,	-0.006998,	-0.008863,	-0.011633,	-0.016006,	-0.023521,	-0.038128,	-0.072635,	0.015351,	0.008670,	0.005596,	0.003939,	0.002955,	0.002325,	0.001899,	0.001603,	0.001392,	0.001241,	0.001134,	0.001060,	0.001014,	0.000992,	0.000992,	0.001014,	0.001060,	0.001134,	0.001241,	0.001392,	0.001603,	0.001899,	0.002325,	0.002955,	0.003939,	0.005596,	0.008670,	0.015351,	-0.089635,	-0.038128,	-0.023521,	-0.016006,	-0.011633,	-0.008863,	-0.006998,	-0.005684,	-0.004716,	-0.003983,	-0.003414,	-0.002963,	-0.002599,	-0.002301,	-0.002054,	-0.001846,	-0.001669,	-0.001518,	-0.001387,	-0.001273,	-0.001173
-0.001000,	-0.001083,	-0.001176,	-0.001283,	-0.001405,	-0.001548,	-0.001714,	-0.001911,	-0.002145,	-0.002429,	-0.002777,	-0.003211,	-0.003760,	-0.004472,	-0.005419,	-0.006727,	-0.008603,	-0.011435,	-0.016008,	-0.024123,	-0.040666,	0.008629,	0.005573,	0.003918,	0.002927,	0.002293,	0.001865,	0.001564,	0.001348,	0.001190,	0.001076,	0.000993,	0.000935,	0.000899,	0.000882,	0.000882,	0.000899,	0.000935,	0.000993,	0.001076,	0.001190,	0.001348,	0.001564,	0.001865,	0.002293,	0.002927,	0.003918,	0.005573,	0.008629,	-0.049645,	-0.024123,	-0.016008,	-0.011435,	-0.008603,	-0.006727,	-0.005419,	-0.004472,	-0.003760,	-0.003211,	-0.002777,	-0.002429,	-0.002145,	-0.001911,	-0.001714,	-0.001548,	-0.001405,	-0.001283,	-0.001176,	-0.001083,	-0.001000
-0.000865,	-0.000933,	-0.001011,	-0.001100,	-0.001202,	-0.001319,	-0.001456,	-0.001616,	-0.001805,	-0.002033,	-0.002309,	-0.002649,	-0.003076,	-0.003621,	-0.004333,	-0.005295,	-0.006641,	-0.008604,	-0.011635,	-0.016688,	-0.026061,	0.005543,	0.003896,	0.002906,	0.002268,	0.001836,	0.001533,	0.001313,	0.001151,	0.001031,	0.000942,	0.000877,	0.000831,	0.000803,	0.000789,	0.000789,	0.000803,	0.000831,	0.000877,	0.000942,	0.001031,	0.001151,	0.001313,	0.001533,	0.001836,	0.002268,	0.002906,	0.003896,	0.005543,	-0.031623,	-0.016688,	-0.011635,	-0.008604,	-0.006641,	-0.005295,	-0.004333,	-0.003621,	-0.003076,	-0.002649,	-0.002309,	-0.002033,	-0.001805,	-0.001616,	-0.001456,	-0.001319,	-0.001202,	-0.001100,	-0.001011,	-0.000933,	-0.000865
-0.000755,	-0.000814,	-0.000880,	-0.000955,	-0.001041,	-0.001140,	-0.001253,	-0.001386,	-0.001542,	-0.001729,	-0.001954,	-0.002228,	-0.002569,	-0.002998,	-0.003552,	-0.004288,	-0.005295,	-0.006727,	-0.008865,	-0.012267,	-0.018178,	0.003872,	0.002886,	0.002248,	0.001813,	0.001507,	0.001285,	0.001120,	0.000996,	0.000903,	0.000832,	0.000781,	0.000744,	0.000721,	0.000710,	0.000710,	0.000721,	0.000744,	0.000781,	0.000832,	0.000903,	0.000996,	0.001120,	0.001285,	0.001507,	0.001813,	0.002248,	0.002886,	0.003872,	-0.021972,	-0.012267,	-0.008865,	-0.006727,	-0.005295,	-0.004288,	-0.003552,	-0.002998,	-0.002569,	-0.002228,	-0.001954,	-0.001729,	-0.001542,	-0.001386,	-0.001253,	-0.001140,	-0.001041,	-0.000955,	-0.000880,	-0.000814,	-0.000755
