-0.000001,	-0.000001,	-0.000001,	-0.000001,	-0.000001,	-0.000001,	-0.000001,	-0.000002,	-0.000002,	-0.000002,	-0.000002,	-0.000002,	-0.000002,	-0.000002,	-0.000002,	-0.000002,	-0.000002,	-0.000002,	-0.000002,	-0.000002,	-0.000003,	-0.000003,	-0.000003,	-0.000003,	-0.000003,	-0.000003,	-0.000004,	-0.000004,	-0.000004,	-0.000004,	-0.000005,	-0.000005,	-0.000005,	-0.000006,	-0.000006,	-0.000006,	-0.000007,	-0.000008,	-0.000008,	-0.000009,	-0.000010,	-0.000011,	-0.000012,	-0.000013,	-0.000015,	-0.000017,	-0.000019,	-0.000022,	-0.000026,	-0.000030,	-0.000036,	-0.000043,	-0.000053,	-0.000067,	-0.000088,	-0.000119,	-0.000171,	-0.000271,	0.000073,	0.000072,	0.000072,	0.000072,	0.000072,	0.000072,	0.000073,	-0.000285,	-0.000185,	-0.000127,	-0.000093,	-0.000071
-0.000001,	-0.000001,	-0.000001,	-0.000001,	-0.000001,	-0.000001,	-0.000002,	-0.000002,	-0.000002,	-0.000002,	-0.000002,	-0.000002,	-0.000002,	-0.000002,	-0.000002,	-0.000002,	-0.000002,	-0.000002,	-0.000002,	-0.000003,	-0.000003,	-0.000003,	-0.000003,	-0.000003,	-0.000003,	-0.000004,	-0.000004,	-0.000004,	-0.000004,	-0.000004,	-0.000005,	-0.000005,	-0.000005,	-0.000006,	-0.000006,	-0.000007,	-0.000007,	-0.000008,	-0.000009,	-0.000009,	-0.000010,	-0.000011,	-0.000013,	-0.000014,	-0.000016,	-0.000018,	-0.000020,	-0.000023,	-0.000027,	-0.000031,	-0.000037,	-0.000045,	-0.000055,	-0.000070,	-0.000091,	-0.000123,	-0.000176,	-0.000281,	0.000075,	0.000075,	0.000075,	0.000075,	0.000075,	0.000075,	0.000075,	-0.000295,	-0.000191,	-0.000132,	-0.000096,	-0.000073
-0.000001,	-0.000001,	-0.000001,	-0.000001,	-0.000001,	-0.000002,	-0.000002,	-0.000002,	-0.000002,	-0.000002,	-0.000002,	-0.000002,	-0.000002,	-0.000002,	-0.000002,	-0.000002,	-0.000002,	-0.000002,	-0.000003,	-0.000003,	-0.000003,	-0.000003,	-0.000003,	-0.000003,	-0.000003,	-0.000004,	-0.000004,	-0.000004,	-0.000004,	-0.000005,	-0.000005,	-0.000005,	-0.000006,	-0.000006,	-0.000006,	-0.000007,	-0.000007,	-0.000008,	-0.000009,	-0.000010,	-0.000011,	-0.000012,	-0.000013,	-0.000014,	-0.000016,	-0.000018,	-0.000021,	-0.000024,	-0.000028,	-0.000032,	-0.000038,	-0.000046,	-0.000057,	-0.000072,	-0.000094,	-0.000127,	-0.000182,	-0.000290,	0.000078,	0.000077,	0.000077,	0.000077,	0.000077,	0.000077,	0.000078,	-0.000305,	-0.000198,	-0.000136,	-0.000099,	-0.000076
-0.000001,	-0.000001,	-0.000001,	-0.000001,	-0.000001,	-0.000002,	-0.000002,	-0.000002,	-0.000002,	-0.000002,	-0.000002,	-0.000002,	-0.000002,	-0.000002,	-0.000002,	-0.000002,	-0.000002,	-0.000003,	-0.000003,	-0.000003,	-0.000003,	-0.000003,	-0.000003,	-0.000003,	-0.000004,	-0.000004,	-0.000004,	-0.000004,	-0.000004,	-0.000005,	-0.000005,	-0.000005,	-0.000006,	-0.000006,	-0.000007,	-0.000007,	-0.000008,	-0.000008,	-0.000009,	-0.000010,	-0.000011,	-0.000012,	-0.000013,	-0.000015,	-0.000017,	-0.000019,	-0.000021,	-0.000025,	-0.000028,	-0.000033,	-0.000040,	-0.000048,	-0.000059,	-0.000075,	-0.000097,	-0.000132,	-0.000189,	-0.000300,	0.000080,	0.000080,	0.000080,	0.000080,	0.000080,	0.000080,	0.000080,	-0.000316,	-0.000205,	-0.000141,	-0.000103,	-0.000078
-0.000001,	-0.000001,	-0.000001,	-0.000001,	-0.000002,	-0.000002,	-0.000002,	-0.000002,	-0.000002,	-0.000002,	-0.000002,	-0.000002,	-0.000002,	-0.000002,	-0.000002,	-0.000002,	-0.000002,	-0.000003,	-0.000003,	-0.000003,	-0.000003,	-0.000003,	-0.000003,	-0.000003,	-0.000004,	-0.000004,	-0.000004,	-0.000004,	-0.000005,	-0.000005,	-0.000005,	-0.000006,	-0.000006,	-0.000006,	-0.000007,	-0.000007,	-0.000008,	-0.000009,	-0.000009,	-0.000010,	-0.000011,	-0.000013,	-0.000014,	-0.000015,	-0.000017,	-0.000020,	-0.000022,	-0.000025,	-0.000029,	-0.000035,	-0.000041,	-0.000050,	-0.000061,	-0.000077,	-0.000101,	-0.000136,	-0.000196,	-0.000311,	0.000083,	0.000083,	0.000083,	0.000083,	0.000083,	0.000083,	0.000083,	-0.000327,	-0.000212,	-0.000146,	-0.000107,	-0.000081
-0.000001,	-0.000001,	-0.000002,	-0.000002,	-0.000002,	-0.000002,	-0.000002,	-0.000002,	-0.000002,	-0.000002,	-0.000002,	-0.000002,	-0.000002,	-0.000002,	-0.000002,	-0.000002,	-0.000003,	-0.000003,	-0.000003,	-0.000003,	-0.000003,	-0.000003,	-0.000003,	-0.000004,	-0.000004,	-0.000004,	-0.000004,	-0.000005,	-0.000005,	-0.000005,	-0.000005,	-0.000006,	-0.000006,	-0.000007,	-0.000007,	-0.000008,	-0.000008,	-0.000009,	-0.000010,	-0.000011,	-0.000012,	-0.000013,	-0.000014,	-0.000016,	-0.000018,	-0.000020,	-0.000023,	-0.000026,	-0.000031,	-0.000036,	-0.000043,	-0.000051,	-0.000063,	-0.000080,	-0.000104,	-0.000141,	-0.000203,	-0.000322,	0.000086,	0.000086,	0.000086,	0.000086,	0.000086,	0.000086,	0.000086,	-0.000339,	-0.000220,	-0.000151,	-0.000110,	-0.000084
-0.000001,	-0.000002,	-0.000002,	-0.000002,	-0.000002,	-0.000002,	-0.000002,	-0.000002,	-0.000002,	-0.000002,	-0.000002,	-0.000002,	-0.000002,	-0.000002,	-0.000002,	-0.000003,	-0.000003,	-0.000003,	-0.000003,	-0.000003,	-0.000003,	-0.000003,	-0.000004,	-0.000004,	-0.000004,	-0.000004,	-0.000004,	-0.000005,	-0.000005,	-0.000005,	-0.000006,	-0.000006,	-0.000006,	-0.000007,	-0.000007,	-0.000008,	-0.000009,	-0.000009,	-0.000010,	-0.000011,	-0.000012,	-0.000013,	-0.000015,	-0.000017,	-0.000019,	-0.000021,	-0.000024,	-0.000027,	-0.000032,	-0.000037,	-0.000044,	-0.000053,	-0.000066,	-0.000083,	-0.000108,	-0.000147,	-0.000210,	-0.000334,	0.000089,	0.000089,	0.000089,	0.000089,	0.000089,	0.000089,	0.000089,	-0.000352,	-0.000228,	-0.000157,	-0.000114,	-0.000087
-0.000002,	-0.000002,	-0.000002,	-0.000002,	-0.000002,	-0.000002,	-0.000002,	-0.000002,	-0.000002,	-0.000002,	-0.000002,	-0.000002,	-0.000002,	-0.000002,	-0.000003,	-0.000003,	-0.000003,	-0.000003,	-0.000003,	-0.000003,	-0.000003,	-0.000004,	-0.000004,	-0.000004,	-0.000004,	-0.000004,	-0.000005,	-0.000005,	-0.000005,	-0.000005,	-0.000006,	-0.000006,	-0.000007,	-0.000007,	-0.000008,	-0.000008,	-0.000009,	-0.000010,	-0.000011,	-0.000012,	-0.000013,	-0.000014,	-0.000015,	-0.000017,	-0.000019,	-0.000022,	-0.000025,	-0.000028,	-0.000033,	-0.000039,	-0.000046,	-0.000055,	-0.000068,	-0.000086,	-0.000112,	-0.000152,	-0.000218,	-0.000347,	0.000093,	0.000092,	0.000092,	0.000092,	0.000092,	0.000092,	0.000093,	-0.000365,	-0.000236,	-0.000163,	-0.000119,	-0.000091
-0.000002,	-0.000002,	-0.000002,	-0.000002,	-0.000002,	-0.000002,	-0.000002,	-0.000002,	-0.000002,	-0.000002,	-0.000002,	-0.000002,	-0.000002,	-0.000003,	-0.000003,	-0.000003,	-0.000003,	-0.000003,	-0.000003,	-0.000003,	-0.000003,	-0.000004,	-0.000004,	-0.000004,	-0.000004,	-0.000004,	-0.000005,	-0.000005,	-0.000005,	-0.000006,	-0.000006,	-0.000006,	-0.000007,	-0.000007,	-0.000008,	-0.000009,	-0.000009,	-0.000010,	-0.000011,	-0.000012,	-0.000013,	-0.000014,	-0.000016,	-0.000018,	-0.000020,	-0.000023,	-0.000026,	-0.000029,	-0.000034,	-0.000040,	-0.000048,	-0.000057,	-0.000071,	-0.000089,	-0.000116,	-0.000158,	-0.000226,	-0.000360,	0.000096,	0.000096,	0.000096,	0.000095,	0.000096,	0.000096,	0.000096,	-0.000379,	-0.000245,	-0.000169,	-0.000123,	-0.000094
-0.000002,	-0.000002,	-0.000002,	-0.000002,	-0.000002,	-0.000002,	-0.000002,	-0.000002,	-0.000002,	-0.000002,	-0.000002,	-0.000002,	-0.000003,	-0.000003,	-0.000003,	-0.000003,	-0.000003,	-0.000003,	-0.000003,	-0.000003,	-0.000004,	-0.000004,	-0.000004,	-0.000004,	-0.000004,	-0.000005,	-0.000005,	-0.000005,	-0.000006,	-0.000006,	-0.000006,	-0.000007,	-0.000007,	-0.000008,	-0.000008,	-0.000009,	-0.000010,	-0.000010,	-0.000011,	-0.000012,	-0.000014,	-0.000015,	-0.000017,	-0.000019,	-0.000021,	-0.000023,	-0.000027,	-0.000031,	-0.000035,	-0.000042,	-0.000049,	-0.000060,	-0.000074,	-0.000093,	-0.000121,	-0.000164,	-0.000235,	-0.000374,	0.000100,	0.000100,	0.000099,	0.000099,	0.000099,	0.000100,	0.000100,	-0.000394,	-0.000255,	-0.000175,	-0.000128,	-0.000098
-0.000002,	-0.000002,	-0.000002,	-0.000002,	-0.000002,	-0.000002,	-0.000002,	-0.000002,	-0.000002,	-0.000002,	-0.000002,	-0.000003,	-0.000003,	-0.000003,	-0.000003,	-0.000003,	-0.000003,	-0.000003,	-0.000003,	-0.000004,	-0.000004,	-0.000004,	-0.000004,	-0.000004,	-0.000005,	-0.000005,	-0.000005,	-0.000005,	-0.000006,	-0.000006,	-0.000007,	-0.000007,	-0.000007,	-0.000008,	-0.000009,	-0.000009,	-0.000010,	-0.000011,	-0.000012,	-0.000013,	-0.000014,	-0.000016,	-0.000017,	-0.000019,	-0.000022,	-0.000024,	-0.000028,	-0.000032,	-0.000037,	-0.000043,	-0.000051,	-0.000062,	-0.000076,	-0.000097,	-0.000126,	-0.000171,	-0.000244,	-0.000389,	0.000104,	0.000104,	0.000103,	0.000103,	0.000103,	0.000104,	0.000104,	-0.000409,	-0.000265,	-0.000182,	-0.000133,	-0.000101
-0.000002,	-0.000002,	-0.000002,	-0.000002,	-0.000002,	-0.000002,	-0.000002,	-0.000002,	-0.000002,	-0.000002,	-0.000003,	-0.000003,	-0.000003,	-0.000003,	-0.000003,	-0.000003,	-0.000003,	-0.000003,	-0.000004,	-0.000004,	-0.000004,	-0.000004,	-0.000004,	-0.000005,	-0.000005,	-0.000005,	-0.000005,	-0.000006,	-0.000006,	-0.000006,	-0.000007,	-0.000007,	-0.000008,	-0.000008,	-0.000009,	-0.000010,	-0.000010,	-0.000011,	-0.000012,	-0.000013,	-0.000015,	-0.000016,	-0.000018,	-0.000020,	-0.000022,	-0.000025,	-0.000029,	-0.000033,	-0.000038,	-0.000045,	-0.000053,	-0.000065,	-0.000080,	-0.000100,	-0.000131,	-0.000177,	-0.000254,	-0.000405,	0.000108,	0.000108,	0.000107,	0.000107,	0.000107,	0.000108,	0.000108,	-0.000426,	-0.000276,	-0.000190,	-0.000139,	-0.000106
-0.000002,	-0.000002,	-0.000002,	-0.000002,	-0.000002,	-0.000002,	-0.000002,	-0.000002,	-0.000002,	-0.000003,	-0.000003,	-0.000003,	-0.000003,	-0.000003,	-0.000003,	-0.000003,	-0.000003,	-0.000004,	-0.000004,	-0.000004,	-0.000004,	-0.000004,	-0.000004,	-0.000005,	-0.000005,	-0.000005,	-0.000006,	-0.000006,	-0.000006,	-0.000007,	-0.000007,	-0.000008,	-0.000008,	-0.000009,	-0.000009,	-0.000010,	-0.000011,	-0.000012,	-0.000013,	-0.000014,	-0.000015,	-0.000017,	-0.000019,	-0.000021,	-0.000023,	-0.000026,	-0.000030,	-0.000034,	-0.000040,	-0.000047,	-0.000056,	-0.000067,	-0.000083,	-0.000105,	-0.000136,	-0.000185,	-0.000265,	-0.000422,	0.000113,	0.000112,	0.000112,	0.000112,	0.000112,	0.000112,	0.000113,	-0.000444,	-0.000287,	-0.000198,	-0.000144,	-0.000110
-0.000002,	-0.000002,	-0.000002,	-0.000002,	-0.000002,	-0.000002,	-0.000002,	-0.000002,	-0.000003,	-0.000003,	-0.000003,	-0.000003,	-0.000003,	-0.000003,	-0.000003,	-0.000003,	-0.000004,	-0.000004,	-0.000004,	-0.000004,	-0.000004,	-0.000004,	-0.000005,	-0.000005,	-0.000005,	-0.000005,	-0.000006,	-0.000006,	-0.000007,	-0.000007,	-0.000007,	-0.000008,	-0.000008,	-0.000009,	-0.000010,	-0.000010,	-0.000011,	-0.000012,	-0.000013,	-0.000015,	-0.000016,	-0.000018,	-0.000020,	-0.000022,	-0.000024,	-0.000028,	-0.000031,	-0.000036,	-0.000042,	-0.000049,	-0.000058,	-0.000070,	-0.000086,	-0.000109,	-0.000142,	-0.000193,	-0.000276,	-0.000440,	0.000118,	0.000117,	0.000117,	0.000116,	0.000116,	0.000117,	0.000118,	-0.000463,	-0.000299,	-0.000206,	-0.000150,	-0.000115
-0.000002,	-0.000002,	-0.000002,	-0.000002,	-0.000002,	-0.000002,	-0.000002,	-0.000003,	-0.000003,	-0.000003,	-0.000003,	-0.000003,	-0.000003,	-0.000003,	-0.000003,	-0.000003,	-0.000004,	-0.000004,	-0.000004,	-0.000004,	-0.000004,	-0.000005,	-0.000005,	-0.000005,	-0.000005,	-0.000006,	-0.000006,	-0.000006,	-0.000007,	-0.000007,	-0.000008,	-0.000008,	-0.000009,	-0.000009,	-0.000010,	-0.000011,	-0.000012,	-0.000013,	-0.000014,	-0.000015,	-0.000017,	-0.000018,	-0.000020,	-0.000023,	-0.000025,	-0.000029,	-0.000033,	-0.000037,	-0.000043,	-0.000051,	-0.000060,	-0.000073,	-0.000090,	-0.000114,	-0.000148,	-0.000201,	-0.000288,	-0.000459,	0.000123,	0.000122,	0.000122,	0.000121,	0.000121,	0.000122,	0.000123,	-0.000483,	-0.000312,	-0.000215,	-0.000157,	-0.000120
-0.000002,	-0.000002,	-0.000002,	-0.000002,	-0.000002,	-0.000002,	-0.000003,	-0.000003,	-0.000003,	-0.000003,	-0.000003,	-0.000003,	-0.000003,	-0.000003,	-0.000003,	-0.000004,	-0.000004,	-0.000004,	-0.000004,	-0.000004,	-0.000005,	-0.000005,	-0.000005,	-0.000005,	-0.000006,	-0.000006,	-0.000006,	-0.000007,	-0.000007,	-0.000008,	-0.000008,	-0.000009,	-0.000009,	-0.000010,	-0.000011,	-0.000011,	-0.000012,	-0.000013,	-0.000015,	-0.000016,	-0.000017,	-0.000019,	-0.000021,	-0.000024,	-0.000027,	-0.000030,	-0.000034,	-0.000039,	-0.000045,	-0.000053,	-0.000063,	-0.000076,	-0.000094,	-0.000119,	-0.000155,	-0.000210,	-0.000301,	-0.000479,	0.000128,	0.000127,	0.000127,	0.000127,	0.000127,	0.000127,	0.000128,	-0.000504,	-0.000326,	-0.000224,	-0.000164,	-0.000125
-0.000002,	-0.000002,	-0.000002,	-0.000002,	-0.000002,	-0.000003,	-0.000003,	-0.000003,	-0.000003,	-0.000003,	-0.000003,	-0.000003,	-0.000003,	-0.000004,	-0.000004,	-0.000004,	-0.000004,	-0.000004,	-0.000004,	-0.000005,	-0.000005,	-0.000005,	-0.000005,	-0.000006,	-0.000006,	-0.000006,	-0.000007,	-0.000007,	-0.000007,	-0.000008,	-0.000008,	-0.000009,	-0.000010,	-0.000010,	-0.000011,	-0.000012,	-0.000013,	-0.000014,	-0.000015,	-0.000017,	-0.000018,	-0.000020,	-0.000022,	-0.000025,	-0.000028,	-0.000031,	-0.000036,	-0.000041,	-0.000047,	-0.000055,	-0.000066,	-0.000080,	-0.000098,	-0.000124,	-0.000162,	-0.000219,	-0.000314,	-0.000501,	0.000134,	0.000133,	0.000133,	0.000132,	0.000133,	0.000133,	0.000134,	-0.000527,	-0.000341,	-0.000234,	-0.000171,	-0.000130
-0.000002,	-0.000002,	-0.000002,	-0.000003,	-0.000003,	-0.000003,	-0.000003,	-0.000003,	-0.000003,	-0.000003,	-0.000003,	-0.000003,	-0.000004,	-0.000004,	-0.000004,	-0.000004,	-0.000004,	-0.000004,	-0.000005,	-0.000005,	-0.000005,	-0.000005,	-0.000006,	-0.000006,	-0.000006,	-0.000007,	-0.000007,	-0.000007,	-0.000008,	-0.000008,	-0.000009,	-0.000009,	-0.000010,	-0.000011,	-0.000012,	-0.000012,	-0.000013,	-0.000015,	-0.000016,	-0.000017,	-0.000019,	-0.000021,	-0.000023,	-0.000026,	-0.000029,	-0.000033,	-0.000037,	-0.000043,	-0.000049,	-0.000058,	-0.000069,	-0.000083,	-0.000103,	-0.000130,	-0.000169,	-0.000229,	-0.000329,	-0.000525,	0.000140,	0.000139,	0.000139,	0.000138,	0.000139,	0.000139,	0.000140,	-0.000552,	-0.000357,	-0.000245,	-0.000179,	-0.000136
-0.000002,	-0.000002,	-0.000003,	-0.000003,	-0.000003,	-0.000003,	-0.000003,	-0.000003,	-0.000003,	-0.000003,	-0.000003,	-0.000004,	-0.000004,	-0.000004,	-0.000004,	-0.000004,	-0.000004,	-0.000005,	-0.000005,	-0.000005,	-0.000005,	-0.000006,	-0.000006,	-0.000006,	-0.000006,	-0.000007,	-0.000007,	-0.000008,	-0.000008,	-0.000009,	-0.000009,	-0.000010,	-0.000010,	-0.000011,	-0.000012,	-0.000013,	-0.000014,	-0.000015,	-0.000017,	-0.000018,	-0.000020,	-0.000022,	-0.000024,	-0.000027,	-0.000030,	-0.000034,	-0.000039,	-0.000045,	-0.000052,	-0.000061,	-0.000072,	-0.000087,	-0.000108,	-0.000136,	-0.000177,	-0.000240,	-0.000345,	-0.000549,	0.000147,	0.000146,	0.000145,	0.000145,	0.000145,	0.000146,	0.000147,	-0.000578,	-0.000374,	-0.000257,	-0.000187,	-0.000143
-0.000002,	-0.000003,	-0.000003,	-0.000003,	-0.000003,	-0.000003,	-0.000003,	-0.000003,	-0.000003,	-0.000003,	-0.000004,	-0.000004,	-0.000004,	-0.000004,	-0.000004,	-0.000004,	-0.000005,	-0.000005,	-0.000005,	-0.000005,	-0.000006,	-0.000006,	-0.000006,	-0.000006,	-0.000007,	-0.000007,	-0.000008,	-0.000008,	-0.000008,	-0.000009,	-0.000010,	-0.000010,	-0.000011,	-0.000012,	-0.000013,	-0.000014,	-0.000015,	-0.000016,	-0.000017,	-0.000019,	-0.000021,	-0.000023,	-0.000026,	-0.000028,	-0.000032,	-0.000036,	-0.000041,	-0.000047,	-0.000054,	-0.000064,	-0.000076,	-0.000091,	-0.000113,	-0.000142,	-0.000186,	-0.000252,	-0.000361,	-0.000576,	0.000154,	0.000153,	0.000152,	0.000152,	0.000152,	0.000153,	0.000154,	-0.000606,	-0.000392,	-0.000269,	-0.000196,	-0.000150
-0.000003,	-0.000003,	-0.000003,	-0.000003,	-0.000003,	-0.000003,	-0.000003,	-0.000003,	-0.000003,	-0.000004,	-0.000004,	-0.000004,	-0.000004,	-0.000004,	-0.000004,	-0.000005,	-0.000005,	-0.000005,	-0.000005,	-0.000006,	-0.000006,	-0.000006,	-0.000006,	-0.000007,	-0.000007,	-0.000007,	-0.000008,	-0.000008,	-0.000009,	-0.000009,	-0.000010,	-0.000011,	-0.000012,	-0.000012,	-0.000013,	-0.000014,	-0.000016,	-0.000017,	-0.000018,	-0.000020,	-0.000022,	-0.000024,	-0.000027,	-0.000030,	-0.000033,	-0.000038,	-0.000043,	-0.000049,	-0.000057,	-0.000067,	-0.000079,	-0.000096,	-0.000118,	-0.000149,	-0.000195,	-0.000264,	-0.000379,	-0.000605,	0.000162,	0.000161,	0.000160,	0.000159,	0.000160,	0.000160,	0.000162,	-0.000637,	-0.000411,	-0.000283,	-0.000206,	-0.000157
-0.000003,	-0.000003,	-0.000003,	-0.000003,	-0.000003,	-0.000003,	-0.000003,	-0.000004,	-0.000004,	-0.000004,	-0.000004,	-0.000004,	-0.000004,	-0.000004,	-0.000005,	-0.000005,	-0.000005,	-0.000005,	-0.000006,	-0.000006,	-0.000006,	-0.000006,	-0.000007,	-0.000007,	-0.000007,	-0.000008,	-0.000008,	-0.000009,	-0.000009,	-0.000010,	-0.000011,	-0.000011,	-0.000012,	-0.000013,	-0.000014,	-0.000015,	-0.000016,	-0.000018,	-0.000019,	-0.000021,	-0.000023,	-0.000025,	-0.000028,	-0.000031,	-0.000035,	-0.000040,	-0.000045,	-0.000052,	-0.000060,	-0.000070,	-0.000083,	-0.000101,	-0.000124,	-0.000157,	-0.000205,	-0.000278,	-0.000399,	-0.000636,	0.000170,	0.000169,	0.000168,	0.000167,	0.000168,	0.000169,	0.000170,	-0.000670,	-0.000432,	-0.000297,	-0.000217,	-0.000165
-0.000003,	-0.000003,	-0.000003,	-0.000003,	-0.000003,	-0.000003,	-0.000004,	-0.000004,	-0.000004,	-0.000004,	-0.000004,	-0.000004,	-0.000004,	-0.000005,	-0.000005,	-0.000005,	-0.000005,	-0.000006,	-0.000006,	-0.000006,	-0.000006,	-0.000007,	-0.000007,	-0.000007,	-0.000008,	-0.000008,	-0.000009,	-0.000009,	-0.000010,	-0.000010,	-0.000011,	-0.000012,	-0.000013,	-0.000014,	-0.000015,	-0.000016,	-0.000017,	-0.000019,	-0.000020,	-0.000022,	-0.000024,	-0.000027,	-0.000030,	-0.000033,	-0.000037,	-0.000042,	-0.000047,	-0.000054,	-0.000063,	-0.000074,	-0.000088,	-0.000106,	-0.000131,	-0.000165,	-0.000215,	-0.000292,	-0.000420,	-0.000670,	0.000179,	0.000178,	0.000177,	0.000176,	0.000176,	0.000177,	0.000179,	-0.000705,	-0.000455,	-0.000313,	-0.000228,	-0.000174
-0.000003,	-0.000003,	-0.000003,	-0.000003,	-0.000003,	-0.000004,	-0.000004,	-0.000004,	-0.000004,	-0.000004,	-0.000004,	-0.000005,	-0.000005,	-0.000005,	-0.000005,	-0.000005,	-0.000006,	-0.000006,	-0.000006,	-0.000006,	-0.000007,	-0.000007,	-0.000007,	-0.000008,	-0.000008,	-0.000009,	-0.000009,	-0.000010,	-0.000010,	-0.000011,	-0.000012,	-0.000013,	-0.000013,	-0.000014,	-0.000015,	-0.000017,	-0.000018,	-0.000020,	-0.000021,	-0.000023,	-0.000026,	-0.000028,	-0.000031,	-0.000035,	-0.000039,	-0.000044,	-0.000050,	-0.000057,	-0.000066,	-0.000078,	-0.000092,	-0.000112,	-0.000138,	-0.000174,	-0.000227,	-0.000308,	-0.000442,	-0.000706,	0.000189,	0.000187,	0.000186,	0.000185,	0.000186,	0.000187,	0.000189,	-0.000743,	-0.000479,	-0.000329,	-0.000240,	-0.000183
-0.000003,	-0.000003,	-0.000003,	-0.000004,	-0.000004,	-0.000004,	-0.000004,	-0.000004,	-0.000004,	-0.000004,	-0.000005,	-0.000005,	-0.000005,	-0.000005,	-0.000005,	-0.000006,	-0.000006,	-0.000006,	-0.000006,	-0.000007,	-0.000007,	-0.000007,	-0.000008,	-0.000008,	-0.000009,	-0.000009,	-0.000010,	-0.000010,	-0.000011,	-0.000012,	-0.000012,	-0.000013,	-0.000014,	-0.000015,	-0.000016,	-0.000018,	-0.000019,	-0.000021,	-0.000022,	-0.000025,	-0.000027,	-0.000030,	-0.000033,	-0.000037,	-0.000041,	-0.000046,	-0.000053,	-0.000060,	-0.000070,	-0.000082,	-0.000098,	-0.000118,	-0.000145,	-0.000184,	-0.000239,	-0.000325,	-0.000467,	-0.000745,	0.000200,	0.000197,	0.000196,	0.000196,	0.000196,	0.000197,	0.000199,	-0.000785,	-0.000506,	-0.000347,	-0.000253,	-0.000193
-0.000003,	-0.000004,	-0.000004,	-0.000004,	-0.000004,	-0.000004,	-0.000004,	-0.000004,	-0.000004,	-0.000005,	-0.000005,	-0.000005,	-0.000005,	-0.000005,	-0.000006,	-0.000006,	-0.000006,	-0.000007,	-0.000007,	-0.000007,	-0.000007,	-0.000008,	-0.000008,	-0.000009,	-0.000009,	-0.000010,	-0.000010,	-0.000011,	-0.000012,	-0.000012,	-0.000013,	-0.000014,	-0.000015,	-0.000016,	-0.000017,	-0.000019,	-0.000020,	-0.000022,	-0.000024,	-0.000026,	-0.000028,	-0.000031,	-0.000035,	-0.000039,	-0.000043,	-0.000049,	-0.000056,	-0.000064,	-0.000074,	-0.000087,	-0.000103,	-0.000124,	-0.000153,	-0.000194,	-0.000253,	-0.000343,	-0.000493,	-0.000788,	0.000211,	0.000209,	0.000207,	0.000207,	0.000207,	0.000208,	0.000211,	-0.000830,	-0.000535,	-0.000367,	-0.000268,	-0.000204
-0.000004,	-0.000004,	-0.000004,	-0.000004,	-0.000004,	-0.000004,	-0.000004,	-0.000005,	-0.000005,	-0.000005,	-0.000005,	-0.000005,	-0.000006,	-0.000006,	-0.000006,	-0.000006,	-0.000007,	-0.000007,	-0.000007,	-0.000008,	-0.000008,	-0.000008,	-0.000009,	-0.000009,	-0.000010,	-0.000010,	-0.000011,	-0.000012,	-0.000012,	-0.000013,	-0.000014,	-0.000015,	-0.000016,	-0.000017,	-0.000018,	-0.000020,	-0.000021,	-0.000023,	-0.000025,	-0.000027,	-0.000030,	-0.000033,	-0.000037,	-0.000041,	-0.000046,	-0.000052,	-0.000059,	-0.000067,	-0.000078,	-0.000092,	-0.000109,	-0.000132,	-0.000162,	-0.000205,	-0.000267,	-0.000363,	-0.000522,	-0.000835,	0.000224,	0.000221,	0.000219,	0.000219,	0.000219,	0.000220,	0.000223,	-0.000879,	-0.000566,	-0.000389,	-0.000283,	-0.000216
-0.000004,	-0.000004,	-0.000004,	-0.000004,	-0.000004,	-0.000005,	-0.000005,	-0.000005,	-0.000005,	-0.000005,	-0.000005,	-0.000006,	-0.000006,	-0.000006,	-0.000006,	-0.000007,	-0.000007,	-0.000007,	-0.000008,	-0.000008,	-0.000008,	-0.000009,	-0.000009,	-0.000010,	-0.000010,	-0.000011,	-0.000012,	-0.000012,	-0.000013,	-0.000014,	-0.000015,	-0.000016,	-0.000017,	-0.000018,	-0.000019,	-0.000021,	-0.000023,	-0.000024,	-0.000027,	-0.000029,	-0.000032,	-0.000035,	-0.000039,	-0.000043,	-0.000049,	-0.000055,	-0.000062,	-0.000071,	-0.000083,	-0.000097,	-0.000115,	-0.000140,	-0.000172,	-0.000217,	-0.000284,	-0.000385,	-0.000554,	-0.000886,	0.000237,	0.000234,	0.000232,	0.000232,	0.000232,	0.000234,	0.000237,	-0.000932,	-0.000600,	-0.000412,	-0.000300,	-0.000229
-0.000004,	-0.000004,	-0.000004,	-0.000004,	-0.000005,	-0.000005,	-0.000005,	-0.000005,	-0.000005,	-0.000006,	-0.000006,	-0.000006,	-0.000006,	-0.000007,	-0.000007,	-0.000007,	-0.000007,	-0.000008,	-0.000008,	-0.000008,	-0.000009,	-0.000009,	-0.000010,	-0.000010,	-0.000011,	-0.000012,	-0.000012,	-0.000013,	-0.000014,	-0.000015,	-0.000016,	-0.000017,	-0.000018,	-0.000019,	-0.000021,	-0.000022,	-0.000024,	-0.000026,	-0.000028,	-0.000031,	-0.000034,	-0.000037,	-0.000041,	-0.000046,	-0.000052,	-0.000058,	-0.000066,	-0.000076,	-0.000088,	-0.000103,	-0.000123,	-0.000148,	-0.000183,	-0.000231,	-0.000301,	-0.000409,	-0.000588,	-0.000941,	0.000252,	0.000249,	0.000247,	0.000246,	0.000246,	0.000248,	0.000252,	-0.000991,	-0.000638,	-0.000438,	-0.000319,	-0.000243
-0.000004,	-0.000004,	-0.000005,	-0.000005,	-0.000005,	-0.000005,	-0.000005,	-0.000005,	-0.000006,	-0.000006,	-0.000006,	-0.000006,	-0.000007,	-0.000007,	-0.000007,	-0.000008,	-0.000008,	-0.000008,	-0.000009,	-0.000009,	-0.000009,	-0.000010,	-0.000010,	-0.000011,	-0.000012,	-0.000012,	-0.000013,	-0.000014,	-0.000015,	-0.000016,	-0.000017,	-0.000018,	-0.000019,	-0.000020,	-0.000022,	-0.000024,	-0.000025,	-0.000028,	-0.000030,	-0.000033,	-0.000036,	-0.000040,	-0.000044,	-0.000049,	-0.000055,	-0.000062,	-0.000070,	-0.000081,	-0.000093,	-0.000110,	-0.000130,	-0.000158,	-0.000194,	-0.000246,	-0.000320,	-0.000435,	-0.000626,	-0.001002,	0.000268,	0.000265,	0.000262,	0.000261,	0.000262,	0.000264,	0.000268,	-0.001055,	-0.000679,	-0.000466,	-0.000339,	-0.000258
-0.000005,	-0.000005,	-0.000005,	-0.000005,	-0.000005,	-0.000005,	-0.000006,	-0.000006,	-0.000006,	-0.000006,	-0.000007,	-0.000007,	-0.000007,	-0.000007,	-0.000008,	-0.000008,	-0.000008,	-0.000009,	-0.000009,	-0.000010,	-0.000010,	-0.000011,	-0.000011,	-0.000012,	-0.000012,	-0.000013,	-0.000014,	-0.000015,	-0.000016,	-0.000017,	-0.000018,	-0.000019,	-0.000020,	-0.000022,	-0.000023,	-0.000025,	-0.000027,	-0.000029,	-0.000032,	-0.000035,	-0.000038,	-0.000042,	-0.000047,	-0.000052,	-0.000058,	-0.000066,	-0.000075,	-0.000086,	-0.000100,	-0.000117,	-0.000139,	-0.000168,	-0.000207,	-0.000262,	-0.000341,	-0.000464,	-0.000668,	-0.001070,	0.000287,	0.000282,	0.000279,	0.000278,	0.000279,	0.000281,	0.000286,	-0.001126,	-0.000724,	-0.000496,	-0.000362,	-0.000275
-0.000005,	-0.000005,	-0.000005,	-0.000005,	-0.000006,	-0.000006,	-0.000006,	-0.000006,	-0.000006,	-0.000007,	-0.000007,	-0.000007,	-0.000008,	-0.000008,	-0.000008,	-0.000009,	-0.000009,	-0.000009,	-0.000010,	-0.000010,	-0.000011,	-0.000011,	-0.000012,	-0.000013,	-0.000013,	-0.000014,	-0.000015,	-0.000016,	-0.000017,	-0.000018,	-0.000019,	-0.000020,	-0.000022,	-0.000023,	-0.000025,	-0.000027,	-0.000029,	-0.000031,	-0.000034,	-0.000037,	-0.000041,	-0.000045,	-0.000050,	-0.000056,	-0.000062,	-0.000070,	-0.000080,	-0.000092,	-0.000106,	-0.000125,	-0.000148,	-0.000179,	-0.000221,	-0.000280,	-0.000365,	-0.000496,	-0.000713,	-0.001144,	0.000306,	0.000302,	0.000298,	0.000297,	0.000298,	0.000301,	0.000306,	-0.001205,	-0.000774,	-0.000530,	-0.000386,	-0.000294
-0.000005,	-0.000005,	-0.000006,	-0.000006,	-0.000006,	-0.000006,	-0.000006,	-0.000007,	-0.000007,	-0.000007,	-0.000007,	-0.000008,	-0.000008,	-0.000008,	-0.000009,	-0.000009,	-0.000010,	-0.000010,	-0.000010,	-0.000011,	-0.000012,	-0.000012,	-0.000013,	-0.000013,	-0.000014,	-0.000015,	-0.000016,	-0.000017,	-0.000018,	-0.000019,	-0.000020,	-0.000022,	-0.000023,	-0.000025,	-0.000027,	-0.000029,	-0.000031,	-0.000034,	-0.000037,	-0.000040,	-0.000044,	-0.000048,	-0.000053,	-0.000060,	-0.000067,	-0.000075,	-0.000086,	-0.000098,	-0.000114,	-0.000133,	-0.000159,	-0.000192,	-0.000237,	-0.000299,	-0.000390,	-0.000531,	-0.000764,	-0.001227,	0.000329,	0.000323,	0.000319,	0.000318,	0.000319,	0.000322,	0.000328,	-0.001292,	-0.000830,	-0.000568,	-0.000414,	-0.000315
-0.000006,	-0.000006,	-0.000006,	-0.000006,	-0.000006,	-0.000007,	-0.000007,	-0.000007,	-0.000007,	-0.000008,	-0.000008,	-0.000008,	-0.000009,	-0.000009,	-0.000009,	-0.000010,	-0.000010,	-0.000011,	-0.000011,	-0.000012,	-0.000012,	-0.000013,	-0.000014,	-0.000014,	-0.000015,	-0.000016,	-0.000017,	-0.000018,	-0.000019,	-0.000020,	-0.000022,	-0.000023,	-0.000025,	-0.000026,	-0.000028,	-0.000031,	-0.000033,	-0.000036,	-0.000039,	-0.000043,	-0.000047,	-0.000052,	-0.000057,	-0.000064,	-0.000072,	-0.000081,	-0.000092,	-0.000105,	-0.000122,	-0.000143,	-0.000170,	-0.000206,	-0.000254,	-0.000321,	-0.000419,	-0.000570,	-0.000821,	-0.001319,	0.000353,	0.000347,	0.000343,	0.000341,	0.000342,	0.000346,	0.000352,	-0.001389,	-0.000891,	-0.000610,	-0.000444,	-0.000338
-0.000006,	-0.000006,	-0.000006,	-0.000007,	-0.000007,	-0.000007,	-0.000007,	-0.000008,	-0.000008,	-0.000008,	-0.000009,	-0.000009,	-0.000009,	-0.000010,	-0.000010,	-0.000011,	-0.000011,	-0.000012,	-0.000012,	-0.000013,	-0.000013,	-0.000014,	-0.000015,	-0.000015,	-0.000016,	-0.000017,	-0.000018,	-0.000019,	-0.000021,	-0.000022,	-0.000023,	-0.000025,	-0.000027,	-0.000028,	-0.000031,	-0.000033,	-0.000036,	-0.000039,	-0.000042,	-0.000046,	-0.000051,	-0.000056,	-0.000062,	-0.000069,	-0.000077,	-0.000087,	-0.000099,	-0.000113,	-0.000131,	-0.000154,	-0.000183,	-0.000221,	-0.000273,	-0.000345,	-0.000451,	-0.000614,	-0.000884,	-0.001422,	0.000381,	0.000373,	0.000368,	0.000367,	0.000368,	0.000372,	0.000380,	-0.001498,	-0.000960,	-0.000657,	-0.000478,	-0.000363
-0.000006,	-0.000007,	-0.000007,	-0.000007,	-0.000007,	-0.000008,	-0.000008,	-0.000008,	-0.000009,	-0.000009,	-0.000009,	-0.000010,	-0.000010,	-0.000010,	-0.000011,	-0.000011,	-0.000012,	-0.000012,	-0.000013,	-0.000014,	-0.000014,	-0.000015,	-0.000016,	-0.000017,	-0.000018,	-0.000019,	-0.000020,	-0.000021,	-0.000022,	-0.000024,	-0.000025,	-0.000027,	-0.000029,	-0.000031,	-0.000033,	-0.000036,	-0.000038,	-0.000042,	-0.000045,	-0.000050,	-0.000054,	-0.000060,	-0.000066,	-0.000074,	-0.000083,	-0.000094,	-0.000106,	-0.000122,	-0.000142,	-0.000166,	-0.000198,	-0.000239,	-0.000295,	-0.000373,	-0.000487,	-0.000662,	-0.000955,	-0.001537,	0.000412,	0.000403,	0.000397,	0.000395,	0.000397,	0.000402,	0.000411,	-0.001620,	-0.001037,	-0.000709,	-0.000516,	-0.000392
-0.000007,	-0.000007,	-0.000007,	-0.000008,	-0.000008,	-0.000008,	-0.000009,	-0.000009,	-0.000009,	-0.000010,	-0.000010,	-0.000010,	-0.000011,	-0.000011,	-0.000012,	-0.000012,	-0.000013,	-0.000013,	-0.000014,	-0.000015,	-0.000016,	-0.000016,	-0.000017,	-0.000018,	-0.000019,	-0.000020,	-0.000021,	-0.000023,	-0.000024,	-0.000025,	-0.000027,	-0.000029,	-0.000031,	-0.000033,	-0.000036,	-0.000038,	-0.000042,	-0.000045,	-0.000049,	-0.000054,	-0.000059,	-0.000065,	-0.000072,	-0.000080,	-0.000090,	-0.000101,	-0.000115,	-0.000132,	-0.000153,	-0.000180,	-0.000214,	-0.000258,	-0.000319,	-0.000403,	-0.000527,	-0.000717,	-0.001035,	-0.001668,	0.000447,	0.000436,	0.000430,	0.000427,	0.000429,	0.000435,	0.000445,	-0.001757,	-0.001124,	-0.000768,	-0.000558,	-0.000424
-0.000008,	-0.000008,	-0.000008,	-0.000008,	-0.000009,	-0.000009,	-0.000009,	-0.000010,	-0.000010,	-0.000010,	-0.000011,	-0.000011,	-0.000012,	-0.000012,	-0.000013,	-0.000013,	-0.000014,	-0.000015,	-0.000015,	-0.000016,	-0.000017,	-0.000018,	-0.000019,	-0.000020,	-0.000021,	-0.000022,	-0.000023,	-0.000024,	-0.000026,	-0.000028,	-0.000029,	-0.000031,	-0.000034,	-0.000036,	-0.000039,	-0.000042,	-0.000045,	-0.000049,	-0.000053,	-0.000058,	-0.000064,	-0.000070,	-0.000078,	-0.000087,	-0.000097,	-0.000110,	-0.000125,	-0.000143,	-0.000166,	-0.000195,	-0.000232,	-0.000280,	-0.000346,	-0.000438,	-0.000572,	-0.000779,	-0.001125,	-0.001816,	0.000486,	0.000474,	0.000466,	0.000464,	0.000465,	0.000472,	0.000485,	-0.001914,	-0.001222,	-0.000834,	-0.000606,	-0.000461
-0.000008,	-0.000009,	-0.000009,	-0.000009,	-0.000009,	-0.000010,	-0.000010,	-0.000011,	-0.000011,	-0.000011,	-0.000012,	-0.000012,	-0.000013,	-0.000013,	-0.000014,	-0.000015,	-0.000015,	-0.000016,	-0.000017,	-0.000017,	-0.000018,	-0.000019,	-0.000020,	-0.000021,	-0.000022,	-0.000024,	-0.000025,	-0.000027,	-0.000028,	-0.000030,	-0.000032,	-0.000034,	-0.000037,	-0.000039,	-0.000042,	-0.000045,	-0.000049,	-0.000053,	-0.000058,	-0.000063,	-0.000070,	-0.000077,	-0.000085,	-0.000095,	-0.000106,	-0.000120,	-0.000136,	-0.000156,	-0.000181,	-0.000212,	-0.000253,	-0.000305,	-0.000377,	-0.000477,	-0.000623,	-0.000850,	-0.001228,	-0.001985,	0.000532,	0.000517,	0.000508,	0.000505,	0.000507,	0.000515,	0.000530,	-0.002092,	-0.001334,	-0.000910,	-0.000661,	-0.000502
-0.000009,	-0.000009,	-0.000010,	-0.000010,	-0.000010,	-0.000011,	-0.000011,	-0.000012,	-0.000012,	-0.000012,	-0.000013,	-0.000013,	-0.000014,	-0.000015,	-0.000015,	-0.000016,	-0.000017,	-0.000017,	-0.000018,	-0.000019,	-0.000020,	-0.000021,	-0.000022,	-0.000023,	-0.000025,	-0.000026,	-0.000027,	-0.000029,	-0.000031,	-0.000033,	-0.000035,	-0.000037,	-0.000040,	-0.000043,	-0.000046,	-0.000050,	-0.000054,	-0.000058,	-0.000063,	-0.000069,	-0.000076,	-0.000084,	-0.000093,	-0.000103,	-0.000116,	-0.000131,	-0.000149,	-0.000171,	-0.000198,	-0.000232,	-0.000276,	-0.000334,	-0.000412,	-0.000522,	-0.000682,	-0.000930,	-0.001345,	-0.002179,	0.000584,	0.000566,	0.000555,	0.000551,	0.000554,	0.000564,	0.000582,	-0.002297,	-0.001462,	-0.000996,	-0.000723,	-0.000549
-0.000010,	-0.000010,	-0.000011,	-0.000011,	-0.000011,	-0.000012,	-0.000012,	-0.000013,	-0.000013,	-0.000014,	-0.000014,	-0.000015,	-0.000015,	-0.000016,	-0.000017,	-0.000017,	-0.000018,	-0.000019,	-0.000020,	-0.000021,	-0.000022,	-0.000023,	-0.000024,	-0.000026,	-0.000027,	-0.000028,	-0.000030,	-0.000032,	-0.000034,	-0.000036,	-0.000038,	-0.000041,	-0.000044,	-0.000047,	-0.000051,	-0.000054,	-0.000059,	-0.000064,	-0.000070,	-0.000076,	-0.000083,	-0.000092,	-0.000102,	-0.000113,	-0.000127,	-0.000143,	-0.000163,	-0.000187,	-0.000217,	-0.000255,	-0.000303,	-0.000367,	-0.000453,	-0.000573,	-0.000750,	-0.001023,	-0.001481,	-0.002403,	0.000644,	0.000623,	0.000610,	0.000605,	0.000608,	0.000620,	0.000641,	-0.002535,	-0.001610,	-0.001096,	-0.000795,	-0.000603
-0.000011,	-0.000011,	-0.000012,	-0.000012,	-0.000013,	-0.000013,	-0.000013,	-0.000014,	-0.000014,	-0.000015,	-0.000016,	-0.000016,	-0.000017,	-0.000018,	-0.000018,	-0.000019,	-0.000020,	-0.000021,	-0.000022,	-0.000023,	-0.000024,	-0.000025,	-0.000027,	-0.000028,	-0.000030,	-0.000031,	-0.000033,	-0.000035,	-0.000037,	-0.000040,	-0.000042,	-0.000045,	-0.000048,	-0.000052,	-0.000056,	-0.000060,	-0.000065,	-0.000070,	-0.000077,	-0.000084,	-0.000092,	-0.000101,	-0.000112,	-0.000125,	-0.000140,	-0.000158,	-0.000180,	-0.000206,	-0.000239,	-0.000281,	-0.000334,	-0.000405,	-0.000500,	-0.000633,	-0.000828,	-0.001130,	-0.001639,	-0.002665,	0.000714,	0.000689,	0.000672,	0.000666,	0.000670,	0.000685,	0.000711,	-0.002812,	-0.001782,	-0.001211,	-0.000878,	-0.000666
-0.000012,	-0.000013,	-0.000013,	-0.000013,	-0.000014,	-0.000014,	-0.000015,	-0.000015,	-0.000016,	-0.000017,	-0.000017,	-0.000018,	-0.000019,	-0.000020,	-0.000020,	-0.000021,	-0.000022,	-0.000023,	-0.000024,	-0.000026,	-0.000027,	-0.000028,	-0.000030,	-0.000031,	-0.000033,	-0.000035,	-0.000037,	-0.000039,	-0.000041,	-0.000044,	-0.000047,	-0.000050,	-0.000053,	-0.000057,	-0.000062,	-0.000066,	-0.000072,	-0.000078,	-0.000085,	-0.000093,	-0.000102,	-0.000112,	-0.000124,	-0.000139,	-0.000155,	-0.000175,	-0.000199,	-0.000229,	-0.000265,	-0.000311,	-0.000371,	-0.000449,	-0.000554,	-0.000702,	-0.000919,	-0.001256,	-0.001823,	-0.002974,	0.000797,	0.000765,	0.000745,	0.000738,	0.000743,	0.000760,	0.000793,	-0.003139,	-0.001983,	-0.001346,	-0.000975,	-0.000739
-0.000013,	-0.000014,	-0.000014,	-0.000015,	-0.000015,	-0.000016,	-0.000017,	-0.000017,	-0.000018,	-0.000019,	-0.000019,	-0.000020,	-0.000021,	-0.000022,	-0.000023,	-0.000024,	-0.000025,	-0.000026,	-0.000027,	-0.000028,	-0.000030,	-0.000031,	-0.000033,	-0.000035,	-0.000037,	-0.000039,	-0.000041,	-0.000043,	-0.000046,	-0.000049,	-0.000052,	-0.000056,	-0.000060,	-0.000064,	-0.000069,	-0.000074,	-0.000080,	-0.000087,	-0.000095,	-0.000103,	-0.000113,	-0.000125,	-0.000139,	-0.000154,	-0.000173,	-0.000195,	-0.000222,	-0.000255,	-0.000296,	-0.000347,	-0.000413,	-0.000500,	-0.000618,	-0.000784,	-0.001026,	-0.001404,	-0.002041,	-0.003340,	0.000895,	0.000856,	0.000831,	0.000822,	0.000828,	0.000850,	0.000890,	-0.003527,	-0.002221,	-0.001505,	-0.001088,	-0.000825
-0.000015,	-0.000016,	-0.000016,	-0.000017,	-0.000017,	-0.000018,	-0.000019,	-0.000019,	-0.000020,	-0.000021,	-0.000022,	-0.000022,	-0.000023,	-0.000024,	-0.000025,	-0.000027,	-0.000028,	-0.000029,	-0.000030,	-0.000032,	-0.000033,	-0.000035,	-0.000037,	-0.000039,	-0.000041,	-0.000043,	-0.000046,	-0.000049,	-0.000052,	-0.000055,	-0.000058,	-0.000062,	-0.000067,	-0.000072,	-0.000077,	-0.000083,	-0.000090,	-0.000097,	-0.000106,	-0.000116,	-0.000127,	-0.000140,	-0.000155,	-0.000173,	-0.000194,	-0.000219,	-0.000249,	-0.000286,	-0.000332,	-0.000389,	-0.000463,	-0.000561,	-0.000694,	-0.000880,	-0.001154,	-0.001580,	-0.002302,	-0.003780,	0.001014,	0.000963,	0.000932,	0.000921,	0.000928,	0.000956,	0.001007,	-0.003994,	-0.002506,	-0.001694,	-0.001224,	-0.000926
-0.000017,	-0.000018,	-0.000018,	-0.000019,	-0.000020,	-0.000020,	-0.000021,	-0.000022,	-0.000023,	-0.000023,	-0.000024,	-0.000025,	-0.000026,	-0.000028,	-0.000029,	-0.000030,	-0.000031,	-0.000033,	-0.000034,	-0.000036,	-0.000038,	-0.000040,	-0.000042,	-0.000044,	-0.000046,	-0.000049,	-0.000052,	-0.000055,	-0.000058,	-0.000062,	-0.000066,	-0.000070,	-0.000075,	-0.000081,	-0.000087,	-0.000094,	-0.000101,	-0.000110,	-0.000120,	-0.000131,	-0.000143,	-0.000158,	-0.000175,	-0.000195,	-0.000219,	-0.000247,	-0.000281,	-0.000323,	-0.000375,	-0.000440,	-0.000524,	-0.000634,	-0.000785,	-0.000996,	-0.001307,	-0.001792,	-0.002616,	-0.004317,	0.001158,	0.001093,	0.001053,	0.001039,	0.001048,	0.001083,	0.001149,	-0.004564,	-0.002850,	-0.001922,	-0.001386,	-0.001048
-0.000019,	-0.000020,	-0.000021,	-0.000021,	-0.000022,	-0.000023,	-0.000024,	-0.000025,	-0.000026,	-0.000027,	-0.000028,	-0.000029,	-0.000030,	-0.000031,	-0.000033,	-0.000034,	-0.000036,	-0.000037,	-0.000039,	-0.000041,	-0.000043,	-0.000045,	-0.000047,	-0.000050,	-0.000053,	-0.000056,	-0.000059,	-0.000062,	-0.000066,	-0.000070,	-0.000075,	-0.000080,	-0.000086,	-0.000092,	-0.000099,	-0.000106,	-0.000115,	-0.000125,	-0.000136,	-0.000149,	-0.000163,	-0.000180,	-0.000199,	-0.000222,	-0.000249,	-0.000281,	-0.000320,	-0.000367,	-0.000426,	-0.000501,	-0.000597,	-0.000723,	-0.000895,	-0.001136,	-0.001492,	-0.002050,	-0.003002,	-0.004980,	0.001336,	0.001252,	0.001200,	0.001181,	0.001193,	0.001238,	0.001325,	-0.005269,	-0.003273,	-0.002200,	-0.001584,	-0.001196
-0.000022,	-0.000023,	-0.000024,	-0.000025,	-0.000025,	-0.000026,	-0.000027,	-0.000028,	-0.000029,	-0.000031,	-0.000032,	-0.000033,	-0.000034,	-0.000036,	-0.000037,	-0.000039,	-0.000041,	-0.000043,	-0.000045,	-0.000047,	-0.000049,	-0.000052,	-0.000054,	-0.000057,	-0.000060,	-0.000064,	-0.000067,	-0.000071,	-0.000076,	-0.000081,	-0.000086,	-0.000092,	-0.000098,	-0.000105,	-0.000113,	-0.000122,	-0.000132,	-0.000143,	-0.000156,	-0.000171,	-0.000187,	-0.000206,	-0.000229,	-0.000255,	-0.000286,	-0.000323,	-0.000367,	-0.000422,	-0.000490,	-0.000575,	-0.000686,	-0.000831,	-0.001030,	-0.001309,	-0.001722,	-0.002370,	-0.003482,	-0.005815,	0.001560,	0.001448,	0.001379,	0.001354,	0.001371,	0.001430,	0.001546,	-0.006159,	-0.003800,	-0.002544,	-0.001827,	-0.001378
-0.000026,	-0.000027,	-0.000028,	-0.000028,	-0.000029,	-0.000031,	-0.000032,	-0.000033,	-0.000034,	-0.000035,	-0.000037,	-0.000038,	-0.000040,	-0.000042,	-0.000043,	-0.000045,	-0.000047,	-0.000049,	-0.000052,	-0.000054,	-0.000057,	-0.000060,	-0.000063,	-0.000066,	-0.000070,	-0.000074,	-0.000078,	-0.000083,	-0.000088,	-0.000093,	-0.000100,	-0.000106,	-0.000114,	-0.000122,	-0.000131,	-0.000142,	-0.000153,	-0.000166,	-0.000181,	-0.000198,	-0.000217,	-0.000239,	-0.000265,	-0.000296,	-0.000332,	-0.000375,	-0.000426,	-0.000490,	-0.000569,	-0.000668,	-0.000797,	-0.000967,	-0.001198,	-0.001525,	-0.002009,	-0.002772,	-0.004091,	-0.006889,	0.001849,	0.001695,	0.001603,	0.001569,	0.001591,	0.001672,	0.001829,	-0.007305,	-0.004469,	-0.002978,	-0.002133,	-0.001606
-0.000030,	-0.000031,	-0.000032,	-0.000033,	-0.000035,	-0.000036,	-0.000037,	-0.000039,	-0.000040,	-0.000042,	-0.000043,	-0.000045,	-0.000047,	-0.000049,	-0.000051,	-0.000053,	-0.000055,	-0.000058,	-0.000061,	-0.000064,	-0.000067,	-0.000070,	-0.000074,	-0.000078,	-0.000082,	-0.000087,	-0.000092,	-0.000097,	-0.000103,	-0.000110,	-0.000117,	-0.000125,	-0.000133,	-0.000143,	-0.000154,	-0.000166,	-0.000180,	-0.000195,	-0.000212,	-0.000232,	-0.000255,	-0.000281,	-0.000311,	-0.000347,	-0.000389,	-0.000440,	-0.000501,	-0.000575,	-0.000668,	-0.000786,	-0.000937,	-0.001138,	-0.001412,	-0.001800,	-0.002376,	-0.003289,	-0.004880,	-0.008306,	0.002230,	0.002014,	0.001885,	0.001839,	0.001870,	0.001981,	0.002202,	-0.008820,	-0.005340,	-0.003537,	-0.002524,	-0.001896
-0.000036,	-0.000037,	-0.000038,	-0.000040,	-0.000041,	-0.000043,	-0.000044,	-0.000046,	-0.000048,	-0.000049,	-0.000051,	-0.000053,	-0.000056,	-0.000058,	-0.000060,	-0.000063,	-0.000066,	-0.000069,	-0.000072,	-0.000076,	-0.000079,	-0.000083,	-0.000088,	-0.000092,	-0.000097,	-0.000103,	-0.000109,	-0.000115,	-0.000123,	-0.000130,	-0.000139,	-0.000148,	-0.000159,	-0.000170,	-0.000183,	-0.000198,	-0.000214,	-0.000232,	-0.000253,	-0.000276,	-0.000303,	-0.000334,	-0.000371,	-0.000413,	-0.000463,	-0.000524,	-0.000597,	-0.000686,	-0.000797,	-0.000937,	-0.001119,	-0.001360,	-0.001689,	-0.002157,	-0.002856,	-0.003971,	-0.005931,	-0.010235,	0.002750,	0.002435,	0.002251,	0.002186,	0.002229,	0.002387,	0.002709,	-0.010889,	-0.006503,	-0.004274,	-0.003037,	-0.002275
-0.000043,	-0.000045,	-0.000046,	-0.000048,	-0.000050,	-0.000051,	-0.000053,	-0.000055,	-0.000057,	-0.000060,	-0.000062,	-0.000065,	-0.000067,	-0.000070,	-0.000073,	-0.000076,	-0.000080,	-0.000083,	-0.000087,	-0.000091,	-0.000096,	-0.000101,	-0.000106,	-0.000112,	-0.000118,	-0.000124,	-0.000132,	-0.000140,	-0.000148,	-0.000158,	-0.000168,	-0.000179,	-0.000192,	-0.000206,	-0.000221,	-0.000239,	-0.000258,	-0.000280,	-0.000305,	-0.000334,	-0.000367,	-0.000405,	-0.000449,	-0.000500,	-0.000561,	-0.000634,	-0.000723,	-0.000831,	-0.000967,	-0.001138,	-0.001360,	-0.001655,	-0.002060,	-0.002636,	-0.003503,	-0.004896,	-0.007381,	-0.012970,	0.003488,	0.003008,	0.002735,	0.002640,	0.002703,	0.002937,	0.003424,	-0.013834,	-0.008113,	-0.005278,	-0.003728,	-0.002781
