-0.000001,	-0.000001,	-0.000001,	-0.000001,	-0.000001,	-0.000001,	-0.000001,	-0.000001,	-0.000001,	-0.000001,	-0.000001,	-0.000001,	-0.000001,	-0.000001,	-0.000001,	-0.000002,	-0.000002,	-0.000002,	-0.000002,	-0.000002,	-0.000002,	-0.000002,	-0.000002,	-0.000002,	-0.000002,	-0.000002,	-0.000003,	-0.000003,	-0.000003,	-0.000003,	-0.000003,	-0.000003,	-0.000003,	-0.000004,	-0.000004,	-0.000004,	-0.000005,	-0.000005,	-0.000005,	-0.000006,	-0.000006,	-0.000007,	-0.000007,	-0.000008,	-0.000009,	-0.000009,	-0.000010,	-0.000012,	-0.000013,	-0.000015,	-0.000017,	-0.000019,	-0.000022,	-0.000026,	-0.000030,	-0.000036,	-0.000045,	-0.000056,	-0.000073,	-0.000098,	-0.000138,	-0.000226,	0.000064,	0.000063,	0.000063,	0.000063,	0.000063,	0.000063,	0.000064,	-0.000263
-0.000001,	-0.000001,	-0.000001,	-0.000001,	-0.000001,	-0.000001,	-0.000001,	-0.000001,	-0.000001,	-0.000001,	-0.000001,	-0.000001,	-0.000001,	-0.000001,	-0.000002,	-0.000002,	-0.000002,	-0.000002,	-0.000002,	-0.000002,	-0.000002,	-0.000002,	-0.000002,	-0.000002,	-0.000002,	-0.000002,	-0.000003,	-0.000003,	-0.000003,	-0.000003,	-0.000003,	-0.000003,	-0.000004,	-0.000004,	-0.000004,	-0.000004,	-0.000005,	-0.000005,	-0.000005,	-0.000006,	-0.000006,	-0.000007,	-0.000007,	-0.000008,	-0.000009,	-0.000010,	-0.000011,	-0.000012,	-0.000013,	-0.000015,	-0.000017,	-0.000020,	-0.000023,	-0.000026,	-0.000031,	-0.000038,	-0.000046,	-0.000058,	-0.000075,	-0.000101,	-0.000143,	-0.000233,	0.000066,	0.000065,	0.000065,	0.000065,	0.000065,	0.000065,	0.000066,	-0.000271
-0.000001,	-0.000001,	-0.000001,	-0.000001,	-0.000001,	-0.000001,	-0.000001,	-0.000001,	-0.000001,	-0.000001,	-0.000001,	-0.000001,	-0.000001,	-0.000002,	-0.000002,	-0.000002,	-0.000002,	-0.000002,	-0.000002,	-0.000002,	-0.000002,	-0.000002,	-0.000002,	-0.000002,	-0.000002,	-0.000003,	-0.000003,	-0.000003,	-0.000003,	-0.000003,	-0.000003,	-0.000003,	-0.000004,	-0.000004,	-0.000004,	-0.000004,	-0.000005,	-0.000005,	-0.000006,	-0.000006,	-0.000006,	-0.000007,	-0.000008,	-0.000008,	-0.000009,	-0.000010,	-0.000011,	-0.000012,	-0.000014,	-0.000015,	-0.000018,	-0.000020,	-0.000023,	-0.000027,	-0.000032,	-0.000039,	-0.000048,	-0.000060,	-0.000077,	-0.000104,	-0.000147,	-0.000241,	0.000068,	0.000067,	0.000067,	0.000067,	0.000067,	0.000067,	0.000068,	-0.000280
-0.000001,	-0.000001,	-0.000001,	-0.000001,	-0.000001,	-0.000001,	-0.000001,	-0.000001,	-0.000001,	-0.000001,	-0.000001,	-0.000001,	-0.000001,	-0.000002,	-0.000002,	-0.000002,	-0.000002,	-0.000002,	-0.000002,	-0.000002,	-0.000002,	-0.000002,	-0.000002,	-0.000002,	-0.000002,	-0.000003,	-0.000003,	-0.000003,	-0.000003,	-0.000003,	-0.000003,	-0.000004,	-0.000004,	-0.000004,	-0.000004,	-0.000005,	-0.000005,	-0.000005,	-0.000006,	-0.000006,	-0.000007,	-0.000007,	-0.000008,	-0.000009,	-0.000009,	-0.000010,	-0.000011,	-0.000013,	-0.000014,	-0.000016,	-0.000018,	-0.000021,	-0.000024,	-0.000028,	-0.000033,	-0.000040,	-0.000049,	-0.000062,	-0.000080,	-0.000107,	-0.000152,	-0.000248,	0.000070,	0.000070,	0.000069,	0.000069,	0.000069,	0.000070,	0.000070,	-0.000289
-0.000001,	-0.000001,	-0.000001,	-0.000001,	-0.000001,	-0.000001,	-0.000001,	-0.000001,	-0.000001,	-0.000001,	-0.000001,	-0.000001,	-0.000002,	-0.000002,	-0.000002,	-0.000002,	-0.000002,	-0.000002,	-0.000002,	-0.000002,	-0.000002,	-0.000002,	-0.000002,	-0.000002,	-0.000003,	-0.000003,	-0.000003,	-0.000003,	-0.000003,	-0.000003,	-0.000004,	-0.000004,	-0.000004,	-0.000004,	-0.000004,	-0.000005,	-0.000005,	-0.000005,	-0.000006,	-0.000006,	-0.000007,	-0.000007,	-0.000008,	-0.000009,	-0.000010,	-0.000011,	-0.000012,	-0.000013,	-0.000015,	-0.000017,	-0.000019,	-0.000021,	-0.000025,	-0.000029,	-0.000034,	-0.000041,	-0.000051,	-0.000064,	-0.000083,	-0.000111,	-0.000157,	-0.000257,	0.000072,	0.000072,	0.000072,	0.000072,	0.000072,	0.000072,	0.000072,	-0.000299
-0.000001,	-0.000001,	-0.000001,	-0.000001,	-0.000001,	-0.000001,	-0.000001,	-0.000001,	-0.000001,	-0.000001,	-0.000001,	-0.000002,	-0.000002,	-0.000002,	-0.000002,	-0.000002,	-0.000002,	-0.000002,	-0.000002,	-0.000002,	-0.000002,	-0.000002,	-0.000002,	-0.000003,	-0.000003,	-0.000003,	-0.000003,	-0.000003,	-0.000003,	-0.000003,	-0.000004,	-0.000004,	-0.000004,	-0.000004,	-0.000005,	-0.000005,	-0.000005,	-0.000006,	-0.000006,	-0.000007,	-0.000007,	-0.000008,	-0.000008,	-0.000009,	-0.000010,	-0.000011,	-0.000012,	-0.000014,	-0.000015,	-0.000017,	-0.000019,	-0.000022,	-0.000026,	-0.000030,	-0.000036,	-0.000043,	-0.000053,	-0.000066,	-0.000085,	-0.000115,	-0.000162,	-0.000265,	0.000075,	0.000074,	0.000074,	0.000074,	0.000074,	0.000074,	0.000075,	-0.000309
-0.000001,	-0.000001,	-0.000001,	-0.000001,	-0.000001,	-0.000001,	-0.000001,	-0.000001,	-0.000001,	-0.000001,	-0.000002,	-0.000002,	-0.000002,	-0.000002,	-0.000002,	-0.000002,	-0.000002,	-0.000002,	-0.000002,	-0.000002,	-0.000002,	-0.000002,	-0.000003,	-0.000003,	-0.000003,	-0.000003,	-0.000003,	-0.000003,	-0.000003,	-0.000004,	-0.000004,	-0.000004,	-0.000004,	-0.000004,	-0.000005,	-0.000005,	-0.000005,	-0.000006,	-0.000006,	-0.000007,	-0.000007,	-0.000008,	-0.000009,	-0.000009,	-0.000010,	-0.000011,	-0.000013,	-0.000014,	-0.000016,	-0.000018,	-0.000020,	-0.000023,	-0.000027,	-0.000031,	-0.000037,	-0.000044,	-0.000054,	-0.000068,	-0.000088,	-0.000119,	-0.000168,	-0.000274,	0.000077,	0.000077,	0.000077,	0.000077,	0.000077,	0.000077,	0.000077,	-0.000319
-0.000001,	-0.000001,	-0.000001,	-0.000001,	-0.000001,	-0.000001,	-0.000001,	-0.000001,	-0.000001,	-0.000002,	-0.000002,	-0.000002,	-0.000002,	-0.000002,	-0.000002,	-0.000002,	-0.000002,	-0.000002,	-0.000002,	-0.000002,	-0.000002,	-0.000002,	-0.000003,	-0.000003,	-0.000003,	-0.000003,	-0.000003,	-0.000003,	-0.000003,	-0.000004,	-0.000004,	-0.000004,	-0.000004,	-0.000005,	-0.000005,	-0.000005,	-0.000006,	-0.000006,	-0.000007,	-0.000007,	-0.000008,	-0.000008,	-0.000009,	-0.000010,	-0.000011,	-0.000012,	-0.000013,	-0.000014,	-0.000016,	-0.000018,	-0.000021,	-0.000024,	-0.000027,	-0.000032,	-0.000038,	-0.000046,	-0.000056,	-0.000071,	-0.000091,	-0.000123,	-0.000174,	-0.000284,	0.000080,	0.000080,	0.000079,	0.000079,	0.000079,	0.000079,	0.000080,	-0.000330
-0.000001,	-0.000001,	-0.000001,	-0.000001,	-0.000001,	-0.000001,	-0.000001,	-0.000001,	-0.000002,	-0.000002,	-0.000002,	-0.000002,	-0.000002,	-0.000002,	-0.000002,	-0.000002,	-0.000002,	-0.000002,	-0.000002,	-0.000002,	-0.000002,	-0.000003,	-0.000003,	-0.000003,	-0.000003,	-0.000003,	-0.000003,	-0.000003,	-0.000004,	-0.000004,	-0.000004,	-0.000004,	-0.000005,	-0.000005,	-0.000005,	-0.000005,	-0.000006,	-0.000006,	-0.000007,	-0.000007,	-0.000008,	-0.000009,	-0.000009,	-0.000010,	-0.000011,	-0.000012,	-0.000013,	-0.000015,	-0.000017,	-0.000019,	-0.000021,	-0.000025,	-0.000028,	-0.000033,	-0.000039,	-0.000047,	-0.000058,	-0.000073,	-0.000095,	-0.000127,	-0.000180,	-0.000294,	0.000083,	0.000082,	0.000082,	0.000082,	0.000082,	0.000082,	0.000083,	-0.000342
-0.000001,	-0.000001,	-0.000001,	-0.000001,	-0.000001,	-0.000001,	-0.000001,	-0.000002,	-0.000002,	-0.000002,	-0.000002,	-0.000002,	-0.000002,	-0.000002,	-0.000002,	-0.000002,	-0.000002,	-0.000002,	-0.000002,	-0.000002,	-0.000003,	-0.000003,	-0.000003,	-0.000003,	-0.000003,	-0.000003,	-0.000003,	-0.000004,	-0.000004,	-0.000004,	-0.000004,	-0.000004,	-0.000005,	-0.000005,	-0.000005,	-0.000006,	-0.000006,	-0.000006,	-0.000007,	-0.000008,	-0.000008,	-0.000009,	-0.000010,	-0.000010,	-0.000011,	-0.000013,	-0.000014,	-0.000016,	-0.000017,	-0.000020,	-0.000022,	-0.000025,	-0.000029,	-0.000034,	-0.000041,	-0.000049,	-0.000060,	-0.000076,	-0.000098,	-0.000132,	-0.000186,	-0.000305,	0.000086,	0.000085,	0.000085,	0.000085,	0.000085,	0.000085,	0.000086,	-0.000355
-0.000001,	-0.000001,	-0.000001,	-0.000001,	-0.000001,	-0.000001,	-0.000002,	-0.000002,	-0.000002,	-0.000002,	-0.000002,	-0.000002,	-0.000002,	-0.000002,	-0.000002,	-0.000002,	-0.000002,	-0.000002,	-0.000002,	-0.000003,	-0.000003,	-0.000003,	-0.000003,	-0.000003,	-0.000003,	-0.000003,	-0.000003,	-0.000004,	-0.000004,	-0.000004,	-0.000004,	-0.000005,	-0.000005,	-0.000005,	-0.000006,	-0.000006,	-0.000006,	-0.000007,	-0.000007,	-0.000008,	-0.000008,	-0.000009,	-0.000010,	-0.000011,	-0.000012,	-0.000013,	-0.000014,	-0.000016,	-0.000018,	-0.000020,	-0.000023,	-0.000026,	-0.000031,	-0.000036,	-0.000042,	-0.000051,	-0.000062,	-0.000078,	-0.000101,	-0.000136,	-0.000193,	-0.000316,	0.000089,	0.000088,	0.000088,	0.000088,	0.000088,	0.000088,	0.000089,	-0.000368
-0.000001,	-0.000001,	-0.000001,	-0.000001,	-0.000001,	-0.000002,	-0.000002,	-0.000002,	-0.000002,	-0.000002,	-0.000002,	-0.000002,	-0.000002,	-0.000002,	-0.000002,	-0.000002,	-0.000002,	-0.000002,	-0.000002,	-0.000003,	-0.000003,	-0.000003,	-0.000003,	-0.000003,	-0.000003,	-0.000003,	-0.000004,	-0.000004,	-0.000004,	-0.000004,	-0.000004,	-0.000005,	-0.000005,	-0.000005,	-0.000006,	-0.000006,	-0.000007,	-0.000007,	-0.000008,	-0.000008,	-0.000009,	-0.000009,	-0.000010,	-0.000011,	-0.000012,	-0.000014,	-0.000015,	-0.000017,	-0.000019,	-0.000021,	-0.000024,	-0.000027,	-0.000032,	-0.000037,	-0.000044,	-0.000053,	-0.000065,	-0.000081,	-0.000105,	-0.000141,	-0.000200,	-0.000328,	0.000092,	0.000092,	0.000091,	0.000091,	0.000091,	0.000092,	0.000092,	-0.000381
-0.000001,	-0.000001,	-0.000001,	-0.000001,	-0.000002,	-0.000002,	-0.000002,	-0.000002,	-0.000002,	-0.000002,	-0.000002,	-0.000002,	-0.000002,	-0.000002,	-0.000002,	-0.000002,	-0.000002,	-0.000002,	-0.000003,	-0.000003,	-0.000003,	-0.000003,	-0.000003,	-0.000003,	-0.000003,	-0.000004,	-0.000004,	-0.000004,	-0.000004,	-0.000004,	-0.000005,	-0.000005,	-0.000005,	-0.000006,	-0.000006,	-0.000006,	-0.000007,	-0.000007,	-0.000008,	-0.000008,	-0.000009,	-0.000010,	-0.000011,	-0.000012,	-0.000013,	-0.000014,	-0.000016,	-0.000017,	-0.000019,	-0.000022,	-0.000025,	-0.000028,	-0.000033,	-0.000038,	-0.000046,	-0.000055,	-0.000067,	-0.000084,	-0.000109,	-0.000147,	-0.000208,	-0.000340,	0.000096,	0.000095,	0.000095,	0.000095,	0.000095,	0.000095,	0.000096,	-0.000396
-0.000001,	-0.000001,	-0.000002,	-0.000002,	-0.000002,	-0.000002,	-0.000002,	-0.000002,	-0.000002,	-0.000002,	-0.000002,	-0.000002,	-0.000002,	-0.000002,	-0.000002,	-0.000002,	-0.000002,	-0.000003,	-0.000003,	-0.000003,	-0.000003,	-0.000003,	-0.000003,	-0.000003,	-0.000004,	-0.000004,	-0.000004,	-0.000004,	-0.000004,	-0.000005,	-0.000005,	-0.000005,	-0.000005,	-0.000006,	-0.000006,	-0.000007,	-0.000007,	-0.000008,	-0.000008,	-0.000009,	-0.000009,	-0.000010,	-0.000011,	-0.000012,	-0.000013,	-0.000015,	-0.000016,	-0.000018,	-0.000020,	-0.000023,	-0.000026,	-0.000030,	-0.000034,	-0.000040,	-0.000047,	-0.000057,	-0.000070,	-0.000088,	-0.000113,	-0.000153,	-0.000216,	-0.000354,	0.000100,	0.000099,	0.000099,	0.000098,	0.000098,	0.000099,	0.000099,	-0.000411
-0.000001,	-0.000002,	-0.000002,	-0.000002,	-0.000002,	-0.000002,	-0.000002,	-0.000002,	-0.000002,	-0.000002,	-0.000002,	-0.000002,	-0.000002,	-0.000002,	-0.000002,	-0.000002,	-0.000003,	-0.000003,	-0.000003,	-0.000003,	-0.000003,	-0.000003,	-0.000003,	-0.000004,	-0.000004,	-0.000004,	-0.000004,	-0.000004,	-0.000005,	-0.000005,	-0.000005,	-0.000005,	-0.000006,	-0.000006,	-0.000006,	-0.000007,	-0.000007,	-0.000008,	-0.000008,	-0.000009,	-0.000010,	-0.000011,	-0.000012,	-0.000013,	-0.000014,	-0.000015,	-0.000017,	-0.000019,	-0.000021,	-0.000024,	-0.000027,	-0.000031,	-0.000035,	-0.000041,	-0.000049,	-0.000059,	-0.000073,	-0.000091,	-0.000118,	-0.000159,	-0.000224,	-0.000368,	0.000103,	0.000103,	0.000103,	0.000102,	0.000102,	0.000103,	0.000103,	-0.000428
-0.000002,	-0.000002,	-0.000002,	-0.000002,	-0.000002,	-0.000002,	-0.000002,	-0.000002,	-0.000002,	-0.000002,	-0.000002,	-0.000002,	-0.000002,	-0.000002,	-0.000002,	-0.000003,	-0.000003,	-0.000003,	-0.000003,	-0.000003,	-0.000003,	-0.000003,	-0.000003,	-0.000004,	-0.000004,	-0.000004,	-0.000004,	-0.000004,	-0.000005,	-0.000005,	-0.000005,	-0.000006,	-0.000006,	-0.000006,	-0.000007,	-0.000007,	-0.000008,	-0.000008,	-0.000009,	-0.000009,	-0.000010,	-0.000011,	-0.000012,	-0.000013,	-0.000014,	-0.000016,	-0.000018,	-0.000019,	-0.000022,	-0.000025,	-0.000028,	-0.000032,	-0.000037,	-0.000043,	-0.000051,	-0.000062,	-0.000076,	-0.000095,	-0.000123,	-0.000165,	-0.000234,	-0.000382,	0.000108,	0.000107,	0.000107,	0.000106,	0.000106,	0.000107,	0.000107,	-0.000445
-0.000002,	-0.000002,	-0.000002,	-0.000002,	-0.000002,	-0.000002,	-0.000002,	-0.000002,	-0.000002,	-0.000002,	-0.000002,	-0.000002,	-0.000002,	-0.000002,	-0.000003,	-0.000003,	-0.000003,	-0.000003,	-0.000003,	-0.000003,	-0.000003,	-0.000003,	-0.000004,	-0.000004,	-0.000004,	-0.000004,	-0.000004,	-0.000005,	-0.000005,	-0.000005,	-0.000005,	-0.000006,	-0.000006,	-0.000007,	-0.000007,	-0.000007,	-0.000008,	-0.000008,	-0.000009,	-0.000010,	-0.000011,	-0.000011,	-0.000013,	-0.000014,	-0.000015,	-0.000016,	-0.000018,	-0.000020,	-0.000023,	-0.000026,	-0.000029,	-0.000033,	-0.000038,	-0.000045,	-0.000053,	-0.000064,	-0.000079,	-0.000099,	-0.000128,	-0.000172,	-0.000243,	-0.000398,	0.000112,	0.000111,	0.000111,	0.000111,	0.000111,	0.000111,	0.000112,	-0.000464
-0.000002,	-0.000002,	-0.000002,	-0.000002,	-0.000002,	-0.000002,	-0.000002,	-0.000002,	-0.000002,	-0.000002,	-0.000002,	-0.000002,	-0.000002,	-0.000003,	-0.000003,	-0.000003,	-0.000003,	-0.000003,	-0.000003,	-0.000003,	-0.000003,	-0.000004,	-0.000004,	-0.000004,	-0.000004,	-0.000004,	-0.000005,	-0.000005,	-0.000005,	-0.000005,	-0.000006,	-0.000006,	-0.000006,	-0.000007,	-0.000007,	-0.000008,	-0.000008,	-0.000009,	-0.000009,	-0.000010,	-0.000011,	-0.000012,	-0.000013,	-0.000014,	-0.000016,	-0.000017,	-0.000019,	-0.000021,	-0.000024,	-0.000027,	-0.000030,	-0.000035,	-0.000040,	-0.000047,	-0.000055,	-0.000067,	-0.000082,	-0.000103,	-0.000133,	-0.000179,	-0.000253,	-0.000415,	0.000117,	0.000116,	0.000116,	0.000115,	0.000115,	0.000116,	0.000117,	-0.000483
-0.000002,	-0.000002,	-0.000002,	-0.000002,	-0.000002,	-0.000002,	-0.000002,	-0.000002,	-0.000002,	-0.000002,	-0.000002,	-0.000002,	-0.000003,	-0.000003,	-0.000003,	-0.000003,	-0.000003,	-0.000003,	-0.000003,	-0.000003,	-0.000004,	-0.000004,	-0.000004,	-0.000004,	-0.000004,	-0.000005,	-0.000005,	-0.000005,	-0.000005,	-0.000006,	-0.000006,	-0.000006,	-0.000007,	-0.000007,	-0.000008,	-0.000008,	-0.000009,	-0.000009,	-0.000010,	-0.000011,	-0.000012,	-0.000012,	-0.000014,	-0.000015,	-0.000016,	-0.000018,	-0.000020,	-0.000022,	-0.000025,	-0.000028,	-0.000032,	-0.000036,	-0.000042,	-0.000049,	-0.000058,	-0.000070,	-0.000085,	-0.000107,	-0.000139,	-0.000187,	-0.000264,	-0.000433,	0.000122,	0.000121,	0.000121,	0.000120,	0.000120,	0.000121,	0.000122,	-0.000504
-0.000002,	-0.000002,	-0.000002,	-0.000002,	-0.000002,	-0.000002,	-0.000002,	-0.000002,	-0.000002,	-0.000002,	-0.000003,	-0.000003,	-0.000003,	-0.000003,	-0.000003,	-0.000003,	-0.000003,	-0.000003,	-0.000003,	-0.000004,	-0.000004,	-0.000004,	-0.000004,	-0.000004,	-0.000005,	-0.000005,	-0.000005,	-0.000005,	-0.000006,	-0.000006,	-0.000006,	-0.000007,	-0.000007,	-0.000007,	-0.000008,	-0.000008,	-0.000009,	-0.000010,	-0.000010,	-0.000011,	-0.000012,	-0.000013,	-0.000014,	-0.000015,	-0.000017,	-0.000019,	-0.000021,	-0.000023,	-0.000026,	-0.000029,	-0.000033,	-0.000038,	-0.000044,	-0.000051,	-0.000060,	-0.000073,	-0.000089,	-0.000112,	-0.000145,	-0.000195,	-0.000276,	-0.000452,	0.000127,	0.000127,	0.000126,	0.000126,	0.000126,	0.000126,	0.000127,	-0.000527
-0.000002,	-0.000002,	-0.000002,	-0.000002,	-0.000002,	-0.000002,	-0.000002,	-0.000002,	-0.000002,	-0.000003,	-0.000003,	-0.000003,	-0.000003,	-0.000003,	-0.000003,	-0.000003,	-0.000003,	-0.000003,	-0.000004,	-0.000004,	-0.000004,	-0.000004,	-0.000004,	-0.000004,	-0.000005,	-0.000005,	-0.000005,	-0.000005,	-0.000006,	-0.000006,	-0.000006,	-0.000007,	-0.000007,	-0.000008,	-0.000008,	-0.000009,	-0.000009,	-0.000010,	-0.000011,	-0.000012,	-0.000013,	-0.000014,	-0.000015,	-0.000016,	-0.000018,	-0.000020,	-0.000022,	-0.000024,	-0.000027,	-0.000030,	-0.000034,	-0.000039,	-0.000045,	-0.000053,	-0.000063,	-0.000076,	-0.000093,	-0.000117,	-0.000151,	-0.000204,	-0.000288,	-0.000473,	0.000133,	0.000132,	0.000132,	0.000131,	0.000131,	0.000132,	0.000133,	-0.000551
-0.000002,	-0.000002,	-0.000002,	-0.000002,	-0.000002,	-0.000002,	-0.000002,	-0.000002,	-0.000003,	-0.000003,	-0.000003,	-0.000003,	-0.000003,	-0.000003,	-0.000003,	-0.000003,	-0.000003,	-0.000004,	-0.000004,	-0.000004,	-0.000004,	-0.000004,	-0.000004,	-0.000005,	-0.000005,	-0.000005,	-0.000005,	-0.000006,	-0.000006,	-0.000006,	-0.000007,	-0.000007,	-0.000008,	-0.000008,	-0.000009,	-0.000009,	-0.000010,	-0.000010,	-0.000011,	-0.000012,	-0.000013,	-0.000014,	-0.000015,	-0.000017,	-0.000019,	-0.000020,	-0.000023,	-0.000025,	-0.000028,	-0.000032,	-0.000036,	-0.000041,	-0.000048,	-0.000056,	-0.000066,	-0.000079,	-0.000097,	-0.000122,	-0.000158,	-0.000213,	-0.000302,	-0.000495,	0.000139,	0.000138,	0.000138,	0.000137,	0.000137,	0.000138,	0.000139,	-0.000576
-0.000002,	-0.000002,	-0.000002,	-0.000002,	-0.000002,	-0.000002,	-0.000003,	-0.000003,	-0.000003,	-0.000003,	-0.000003,	-0.000003,	-0.000003,	-0.000003,	-0.000003,	-0.000003,	-0.000004,	-0.000004,	-0.000004,	-0.000004,	-0.000004,	-0.000004,	-0.000005,	-0.000005,	-0.000005,	-0.000005,	-0.000006,	-0.000006,	-0.000006,	-0.000007,	-0.000007,	-0.000007,	-0.000008,	-0.000008,	-0.000009,	-0.000010,	-0.000010,	-0.000011,	-0.000012,	-0.000013,	-0.000014,	-0.000015,	-0.000016,	-0.000018,	-0.000019,	-0.000021,	-0.000024,	-0.000026,	-0.000029,	-0.000033,	-0.000038,	-0.000043,	-0.000050,	-0.000058,	-0.000069,	-0.000083,	-0.000102,	-0.000128,	-0.000166,	-0.000223,	-0.000316,	-0.000518,	0.000146,	0.000145,	0.000144,	0.000144,	0.000144,	0.000144,	0.000145,	-0.000603
-0.000002,	-0.000002,	-0.000002,	-0.000002,	-0.000002,	-0.000003,	-0.000003,	-0.000003,	-0.000003,	-0.000003,	-0.000003,	-0.000003,	-0.000003,	-0.000003,	-0.000004,	-0.000004,	-0.000004,	-0.000004,	-0.000004,	-0.000004,	-0.000004,	-0.000005,	-0.000005,	-0.000005,	-0.000005,	-0.000006,	-0.000006,	-0.000006,	-0.000007,	-0.000007,	-0.000007,	-0.000008,	-0.000008,	-0.000009,	-0.000009,	-0.000010,	-0.000011,	-0.000012,	-0.000012,	-0.000013,	-0.000014,	-0.000016,	-0.000017,	-0.000019,	-0.000020,	-0.000022,	-0.000025,	-0.000028,	-0.000031,	-0.000035,	-0.000039,	-0.000045,	-0.000052,	-0.000061,	-0.000072,	-0.000087,	-0.000107,	-0.000134,	-0.000174,	-0.000234,	-0.000331,	-0.000543,	0.000153,	0.000152,	0.000151,	0.000150,	0.000151,	0.000151,	0.000153,	-0.000633
-0.000002,	-0.000002,	-0.000002,	-0.000002,	-0.000003,	-0.000003,	-0.000003,	-0.000003,	-0.000003,	-0.000003,	-0.000003,	-0.000003,	-0.000003,	-0.000004,	-0.000004,	-0.000004,	-0.000004,	-0.000004,	-0.000004,	-0.000005,	-0.000005,	-0.000005,	-0.000005,	-0.000005,	-0.000006,	-0.000006,	-0.000006,	-0.000007,	-0.000007,	-0.000007,	-0.000008,	-0.000008,	-0.000009,	-0.000009,	-0.000010,	-0.000011,	-0.000011,	-0.000012,	-0.000013,	-0.000014,	-0.000015,	-0.000016,	-0.000018,	-0.000019,	-0.000021,	-0.000023,	-0.000026,	-0.000029,	-0.000032,	-0.000036,	-0.000041,	-0.000047,	-0.000055,	-0.000064,	-0.000076,	-0.000091,	-0.000112,	-0.000141,	-0.000182,	-0.000245,	-0.000347,	-0.000570,	0.000161,	0.000159,	0.000158,	0.000158,	0.000158,	0.000159,	0.000160,	-0.000664
-0.000002,	-0.000002,	-0.000003,	-0.000003,	-0.000003,	-0.000003,	-0.000003,	-0.000003,	-0.000003,	-0.000003,	-0.000003,	-0.000003,	-0.000004,	-0.000004,	-0.000004,	-0.000004,	-0.000004,	-0.000004,	-0.000005,	-0.000005,	-0.000005,	-0.000005,	-0.000005,	-0.000006,	-0.000006,	-0.000006,	-0.000007,	-0.000007,	-0.000007,	-0.000008,	-0.000008,	-0.000009,	-0.000009,	-0.000010,	-0.000010,	-0.000011,	-0.000012,	-0.000013,	-0.000014,	-0.000015,	-0.000016,	-0.000017,	-0.000019,	-0.000020,	-0.000022,	-0.000025,	-0.000027,	-0.000030,	-0.000034,	-0.000038,	-0.000043,	-0.000050,	-0.000057,	-0.000067,	-0.000080,	-0.000096,	-0.000118,	-0.000148,	-0.000192,	-0.000258,	-0.000365,	-0.000599,	0.000169,	0.000167,	0.000166,	0.000166,	0.000166,	0.000167,	0.000168,	-0.000698
-0.000003,	-0.000003,	-0.000003,	-0.000003,	-0.000003,	-0.000003,	-0.000003,	-0.000003,	-0.000003,	-0.000003,	-0.000003,	-0.000004,	-0.000004,	-0.000004,	-0.000004,	-0.000004,	-0.000004,	-0.000005,	-0.000005,	-0.000005,	-0.000005,	-0.000005,	-0.000006,	-0.000006,	-0.000006,	-0.000007,	-0.000007,	-0.000007,	-0.000008,	-0.000008,	-0.000009,	-0.000009,	-0.000010,	-0.000010,	-0.000011,	-0.000012,	-0.000012,	-0.000013,	-0.000014,	-0.000015,	-0.000017,	-0.000018,	-0.000020,	-0.000021,	-0.000024,	-0.000026,	-0.000029,	-0.000032,	-0.000036,	-0.000040,	-0.000046,	-0.000052,	-0.000060,	-0.000071,	-0.000084,	-0.000101,	-0.000124,	-0.000156,	-0.000201,	-0.000271,	-0.000384,	-0.000631,	0.000178,	0.000176,	0.000175,	0.000174,	0.000174,	0.000175,	0.000177,	-0.000735
-0.000003,	-0.000003,	-0.000003,	-0.000003,	-0.000003,	-0.000003,	-0.000003,	-0.000003,	-0.000003,	-0.000004,	-0.000004,	-0.000004,	-0.000004,	-0.000004,	-0.000004,	-0.000004,	-0.000005,	-0.000005,	-0.000005,	-0.000005,	-0.000005,	-0.000006,	-0.000006,	-0.000006,	-0.000007,	-0.000007,	-0.000007,	-0.000008,	-0.000008,	-0.000009,	-0.000009,	-0.000010,	-0.000010,	-0.000011,	-0.000011,	-0.000012,	-0.000013,	-0.000014,	-0.000015,	-0.000016,	-0.000018,	-0.000019,	-0.000021,	-0.000023,	-0.000025,	-0.000027,	-0.000030,	-0.000034,	-0.000038,	-0.000042,	-0.000048,	-0.000055,	-0.000064,	-0.000074,	-0.000088,	-0.000106,	-0.000130,	-0.000164,	-0.000212,	-0.000285,	-0.000405,	-0.000665,	0.000187,	0.000186,	0.000184,	0.000184,	0.000184,	0.000185,	0.000187,	-0.000775
-0.000003,	-0.000003,	-0.000003,	-0.000003,	-0.000003,	-0.000003,	-0.000003,	-0.000003,	-0.000004,	-0.000004,	-0.000004,	-0.000004,	-0.000004,	-0.000004,	-0.000005,	-0.000005,	-0.000005,	-0.000005,	-0.000005,	-0.000006,	-0.000006,	-0.000006,	-0.000006,	-0.000007,	-0.000007,	-0.000007,	-0.000008,	-0.000008,	-0.000009,	-0.000009,	-0.000010,	-0.000010,	-0.000011,	-0.000011,	-0.000012,	-0.000013,	-0.000014,	-0.000015,	-0.000016,	-0.000017,	-0.000019,	-0.000020,	-0.000022,	-0.000024,	-0.000026,	-0.000029,	-0.000032,	-0.000035,	-0.000040,	-0.000045,	-0.000051,	-0.000058,	-0.000067,	-0.000079,	-0.000093,	-0.000112,	-0.000138,	-0.000173,	-0.000224,	-0.000301,	-0.000427,	-0.000701,	0.000198,	0.000196,	0.000194,	0.000194,	0.000194,	0.000195,	0.000197,	-0.000818
-0.000003,	-0.000003,	-0.000003,	-0.000003,	-0.000003,	-0.000003,	-0.000004,	-0.000004,	-0.000004,	-0.000004,	-0.000004,	-0.000004,	-0.000004,	-0.000005,	-0.000005,	-0.000005,	-0.000005,	-0.000005,	-0.000006,	-0.000006,	-0.000006,	-0.000006,	-0.000007,	-0.000007,	-0.000007,	-0.000008,	-0.000008,	-0.000009,	-0.000009,	-0.000009,	-0.000010,	-0.000011,	-0.000011,	-0.000012,	-0.000013,	-0.000014,	-0.000015,	-0.000016,	-0.000017,	-0.000018,	-0.000020,	-0.000021,	-0.000023,	-0.000025,	-0.000028,	-0.000030,	-0.000034,	-0.000037,	-0.000042,	-0.000047,	-0.000054,	-0.000061,	-0.000071,	-0.000083,	-0.000098,	-0.000118,	-0.000145,	-0.000183,	-0.000236,	-0.000318,	-0.000451,	-0.000741,	0.000209,	0.000207,	0.000205,	0.000204,	0.000205,	0.000206,	0.000208,	-0.000864
-0.000003,	-0.000003,	-0.000003,	-0.000003,	-0.000004,	-0.000004,	-0.000004,	-0.000004,	-0.000004,	-0.000004,	-0.000004,	-0.000004,	-0.000005,	-0.000005,	-0.000005,	-0.000005,	-0.000005,	-0.000006,	-0.000006,	-0.000006,	-0.000006,	-0.000007,	-0.000007,	-0.000007,	-0.000008,	-0.000008,	-0.000009,	-0.000009,	-0.000010,	-0.000010,	-0.000011,	-0.000011,	-0.000012,	-0.000013,	-0.000014,	-0.000014,	-0.000015,	-0.000017,	-0.000018,	-0.000019,	-0.000021,	-0.000022,	-0.000024,	-0.000027,	-0.000029,	-0.000032,	-0.000036,	-0.000040,	-0.000044,	-0.000050,	-0.000057,	-0.000065,	-0.000075,	-0.000088,	-0.000104,	-0.000125,	-0.000154,	-0.000193,	-0.000250,	-0.000337,	-0.000477,	-0.000785,	0.000221,	0.000219,	0.000217,	0.000216,	0.000216,	0.000218,	0.000220,	-0.000915
-0.000003,	-0.000003,	-0.000003,	-0.000004,	-0.000004,	-0.000004,	-0.000004,	-0.000004,	-0.000004,	-0.000004,	-0.000005,	-0.000005,	-0.000005,	-0.000005,	-0.000005,	-0.000006,	-0.000006,	-0.000006,	-0.000006,	-0.000007,	-0.000007,	-0.000007,	-0.000007,	-0.000008,	-0.000008,	-0.000009,	-0.000009,	-0.000010,	-0.000010,	-0.000011,	-0.000011,	-0.000012,	-0.000013,	-0.000013,	-0.000014,	-0.000015,	-0.000016,	-0.000018,	-0.000019,	-0.000020,	-0.000022,	-0.000024,	-0.000026,	-0.000028,	-0.000031,	-0.000034,	-0.000038,	-0.000042,	-0.000047,	-0.000053,	-0.000060,	-0.000069,	-0.000079,	-0.000093,	-0.000110,	-0.000133,	-0.000163,	-0.000205,	-0.000265,	-0.000357,	-0.000506,	-0.000832,	0.000235,	0.000232,	0.000230,	0.000229,	0.000229,	0.000231,	0.000234,	-0.000971
-0.000003,	-0.000004,	-0.000004,	-0.000004,	-0.000004,	-0.000004,	-0.000004,	-0.000004,	-0.000005,	-0.000005,	-0.000005,	-0.000005,	-0.000005,	-0.000005,	-0.000006,	-0.000006,	-0.000006,	-0.000006,	-0.000007,	-0.000007,	-0.000007,	-0.000008,	-0.000008,	-0.000008,	-0.000009,	-0.000009,	-0.000010,	-0.000010,	-0.000011,	-0.000011,	-0.000012,	-0.000013,	-0.000013,	-0.000014,	-0.000015,	-0.000016,	-0.000017,	-0.000019,	-0.000020,	-0.000022,	-0.000023,	-0.000025,	-0.000027,	-0.000030,	-0.000033,	-0.000036,	-0.000040,	-0.000044,	-0.000050,	-0.000056,	-0.000064,	-0.000073,	-0.000084,	-0.000099,	-0.000117,	-0.000141,	-0.000173,	-0.000217,	-0.000281,	-0.000379,	-0.000537,	-0.000884,	0.000249,	0.000246,	0.000244,	0.000243,	0.000243,	0.000245,	0.000248,	-0.001032
-0.000004,	-0.000004,	-0.000004,	-0.000004,	-0.000004,	-0.000004,	-0.000004,	-0.000005,	-0.000005,	-0.000005,	-0.000005,	-0.000005,	-0.000006,	-0.000006,	-0.000006,	-0.000006,	-0.000007,	-0.000007,	-0.000007,	-0.000007,	-0.000008,	-0.000008,	-0.000008,	-0.000009,	-0.000009,	-0.000010,	-0.000010,	-0.000011,	-0.000011,	-0.000012,	-0.000013,	-0.000013,	-0.000014,	-0.000015,	-0.000016,	-0.000017,	-0.000018,	-0.000020,	-0.000021,	-0.000023,	-0.000025,	-0.000027,	-0.000029,	-0.000032,	-0.000035,	-0.000038,	-0.000042,	-0.000047,	-0.000053,	-0.000060,	-0.000068,	-0.000077,	-0.000090,	-0.000105,	-0.000124,	-0.000150,	-0.000184,	-0.000231,	-0.000299,	-0.000403,	-0.000571,	-0.000941,	0.000266,	0.000262,	0.000259,	0.000258,	0.000258,	0.000260,	0.000264,	-0.001099
-0.000004,	-0.000004,	-0.000004,	-0.000004,	-0.000004,	-0.000005,	-0.000005,	-0.000005,	-0.000005,	-0.000005,	-0.000006,	-0.000006,	-0.000006,	-0.000006,	-0.000006,	-0.000007,	-0.000007,	-0.000007,	-0.000008,	-0.000008,	-0.000008,	-0.000009,	-0.000009,	-0.000009,	-0.000010,	-0.000010,	-0.000011,	-0.000011,	-0.000012,	-0.000013,	-0.000014,	-0.000014,	-0.000015,	-0.000016,	-0.000017,	-0.000018,	-0.000020,	-0.000021,	-0.000023,	-0.000024,	-0.000026,	-0.000029,	-0.000031,	-0.000034,	-0.000037,	-0.000041,	-0.000045,	-0.000050,	-0.000056,	-0.000063,	-0.000072,	-0.000083,	-0.000095,	-0.000112,	-0.000132,	-0.000159,	-0.000196,	-0.000246,	-0.000319,	-0.000429,	-0.000609,	-0.001004,	0.000283,	0.000279,	0.000276,	0.000275,	0.000275,	0.000277,	0.000282,	-0.001172
-0.000004,	-0.000004,	-0.000004,	-0.000005,	-0.000005,	-0.000005,	-0.000005,	-0.000005,	-0.000005,	-0.000006,	-0.000006,	-0.000006,	-0.000006,	-0.000007,	-0.000007,	-0.000007,	-0.000007,	-0.000008,	-0.000008,	-0.000008,	-0.000009,	-0.000009,	-0.000010,	-0.000010,	-0.000011,	-0.000011,	-0.000012,	-0.000012,	-0.000013,	-0.000014,	-0.000014,	-0.000015,	-0.000016,	-0.000017,	-0.000018,	-0.000020,	-0.000021,	-0.000022,	-0.000024,	-0.000026,	-0.000028,	-0.000030,	-0.000033,	-0.000036,	-0.000040,	-0.000044,	-0.000048,	-0.000054,	-0.000060,	-0.000068,	-0.000077,	-0.000088,	-0.000102,	-0.000119,	-0.000141,	-0.000170,	-0.000209,	-0.000263,	-0.000340,	-0.000458,	-0.000651,	-0.001073,	0.000303,	0.000298,	0.000295,	0.000293,	0.000294,	0.000296,	0.000301,	-0.001253
-0.000005,	-0.000005,	-0.000005,	-0.000005,	-0.000005,	-0.000005,	-0.000005,	-0.000006,	-0.000006,	-0.000006,	-0.000006,	-0.000007,	-0.000007,	-0.000007,	-0.000007,	-0.000008,	-0.000008,	-0.000008,	-0.000009,	-0.000009,	-0.000009,	-0.000010,	-0.000010,	-0.000011,	-0.000011,	-0.000012,	-0.000012,	-0.000013,	-0.000014,	-0.000015,	-0.000015,	-0.000016,	-0.000017,	-0.000018,	-0.000020,	-0.000021,	-0.000022,	-0.000024,	-0.000026,	-0.000028,	-0.000030,	-0.000033,	-0.000035,	-0.000039,	-0.000042,	-0.000047,	-0.000052,	-0.000057,	-0.000064,	-0.000072,	-0.000082,	-0.000094,	-0.000109,	-0.000127,	-0.000151,	-0.000182,	-0.000223,	-0.000281,	-0.000364,	-0.000490,	-0.000697,	-0.001150,	0.000325,	0.000319,	0.000315,	0.000314,	0.000314,	0.000317,	0.000323,	-0.001343
-0.000005,	-0.000005,	-0.000005,	-0.000005,	-0.000005,	-0.000006,	-0.000006,	-0.000006,	-0.000006,	-0.000006,	-0.000007,	-0.000007,	-0.000007,	-0.000008,	-0.000008,	-0.000008,	-0.000008,	-0.000009,	-0.000009,	-0.000010,	-0.000010,	-0.000010,	-0.000011,	-0.000012,	-0.000012,	-0.000013,	-0.000013,	-0.000014,	-0.000015,	-0.000016,	-0.000017,	-0.000018,	-0.000019,	-0.000020,	-0.000021,	-0.000022,	-0.000024,	-0.000026,	-0.000028,	-0.000030,	-0.000032,	-0.000035,	-0.000038,	-0.000041,	-0.000045,	-0.000050,	-0.000055,	-0.000062,	-0.000069,	-0.000078,	-0.000088,	-0.000101,	-0.000117,	-0.000137,	-0.000162,	-0.000195,	-0.000240,	-0.000301,	-0.000391,	-0.000526,	-0.000748,	-0.001236,	0.000349,	0.000343,	0.000338,	0.000336,	0.000337,	0.000340,	0.000347,	-0.001444
-0.000005,	-0.000005,	-0.000006,	-0.000006,	-0.000006,	-0.000006,	-0.000006,	-0.000007,	-0.000007,	-0.000007,	-0.000007,	-0.000008,	-0.000008,	-0.000008,	-0.000008,	-0.000009,	-0.000009,	-0.000009,	-0.000010,	-0.000010,	-0.000011,	-0.000011,	-0.000012,	-0.000012,	-0.000013,	-0.000014,	-0.000014,	-0.000015,	-0.000016,	-0.000017,	-0.000018,	-0.000019,	-0.000020,	-0.000021,	-0.000023,	-0.000024,	-0.000026,	-0.000028,	-0.000030,	-0.000032,	-0.000035,	-0.000038,	-0.000041,	-0.000045,	-0.000049,	-0.000054,	-0.000059,	-0.000066,	-0.000074,	-0.000083,	-0.000095,	-0.000109,	-0.000126,	-0.000147,	-0.000174,	-0.000210,	-0.000258,	-0.000324,	-0.000420,	-0.000566,	-0.000805,	-0.001331,	0.000376,	0.000369,	0.000364,	0.000361,	0.000362,	0.000365,	0.000373,	-0.001556
-0.000006,	-0.000006,	-0.000006,	-0.000006,	-0.000006,	-0.000007,	-0.000007,	-0.000007,	-0.000007,	-0.000008,	-0.000008,	-0.000008,	-0.000008,	-0.000009,	-0.000009,	-0.000009,	-0.000010,	-0.000010,	-0.000011,	-0.000011,	-0.000012,	-0.000012,	-0.000013,	-0.000013,	-0.000014,	-0.000015,	-0.000015,	-0.000016,	-0.000017,	-0.000018,	-0.000019,	-0.000020,	-0.000022,	-0.000023,	-0.000024,	-0.000026,	-0.000028,	-0.000030,	-0.000032,	-0.000035,	-0.000037,	-0.000040,	-0.000044,	-0.000048,	-0.000053,	-0.000058,	-0.000064,	-0.000071,	-0.000080,	-0.000090,	-0.000102,	-0.000117,	-0.000135,	-0.000158,	-0.000188,	-0.000226,	-0.000278,	-0.000349,	-0.000453,	-0.000611,	-0.000869,	-0.001438,	0.000406,	0.000398,	0.000392,	0.000389,	0.000390,	0.000394,	0.000403,	-0.001682
-0.000006,	-0.000006,	-0.000006,	-0.000007,	-0.000007,	-0.000007,	-0.000007,	-0.000008,	-0.000008,	-0.000008,	-0.000008,	-0.000009,	-0.000009,	-0.000009,	-0.000010,	-0.000010,	-0.000011,	-0.000011,	-0.000012,	-0.000012,	-0.000013,	-0.000013,	-0.000014,	-0.000014,	-0.000015,	-0.000016,	-0.000017,	-0.000018,	-0.000019,	-0.000020,	-0.000021,	-0.000022,	-0.000023,	-0.000025,	-0.000026,	-0.000028,	-0.000030,	-0.000032,	-0.000035,	-0.000037,	-0.000040,	-0.000044,	-0.000048,	-0.000052,	-0.000057,	-0.000063,	-0.000069,	-0.000077,	-0.000086,	-0.000097,	-0.000110,	-0.000126,	-0.000146,	-0.000171,	-0.000203,	-0.000244,	-0.000300,	-0.000378,	-0.000490,	-0.000661,	-0.000941,	-0.001559,	0.000441,	0.000431,	0.000424,	0.000421,	0.000422,	0.000426,	0.000437,	-0.001824
-0.000007,	-0.000007,	-0.000007,	-0.000007,	-0.000007,	-0.000008,	-0.000008,	-0.000008,	-0.000009,	-0.000009,	-0.000009,	-0.000009,	-0.000010,	-0.000010,	-0.000011,	-0.000011,	-0.000011,	-0.000012,	-0.000012,	-0.000013,	-0.000014,	-0.000014,	-0.000015,	-0.000016,	-0.000016,	-0.000017,	-0.000018,	-0.000019,	-0.000020,	-0.000021,	-0.000022,	-0.000024,	-0.000025,	-0.000027,	-0.000029,	-0.000030,	-0.000033,	-0.000035,	-0.000038,	-0.000040,	-0.000044,	-0.000047,	-0.000052,	-0.000056,	-0.000062,	-0.000068,	-0.000075,	-0.000084,	-0.000094,	-0.000105,	-0.000120,	-0.000137,	-0.000159,	-0.000186,	-0.000220,	-0.000265,	-0.000326,	-0.000410,	-0.000532,	-0.000717,	-0.001022,	-0.001696,	0.000480,	0.000468,	0.000460,	0.000456,	0.000457,	0.000463,	0.000475,	-0.001985
-0.000007,	-0.000007,	-0.000008,	-0.000008,	-0.000008,	-0.000008,	-0.000009,	-0.000009,	-0.000009,	-0.000010,	-0.000010,	-0.000010,	-0.000011,	-0.000011,	-0.000012,	-0.000012,	-0.000013,	-0.000013,	-0.000014,	-0.000014,	-0.000015,	-0.000015,	-0.000016,	-0.000017,	-0.000018,	-0.000019,	-0.000020,	-0.000021,	-0.000022,	-0.000023,	-0.000024,	-0.000026,	-0.000027,	-0.000029,	-0.000031,	-0.000033,	-0.000035,	-0.000038,	-0.000041,	-0.000044,	-0.000048,	-0.000052,	-0.000056,	-0.000061,	-0.000067,	-0.000074,	-0.000082,	-0.000091,	-0.000102,	-0.000115,	-0.000130,	-0.000149,	-0.000173,	-0.000202,	-0.000239,	-0.000289,	-0.000355,	-0.000446,	-0.000579,	-0.000782,	-0.001114,	-0.001851,	0.000524,	0.000511,	0.000501,	0.000496,	0.000497,	0.000504,	0.000519,	-0.002169
-0.000008,	-0.000008,	-0.000008,	-0.000009,	-0.000009,	-0.000009,	-0.000009,	-0.000010,	-0.000010,	-0.000010,	-0.000011,	-0.000011,	-0.000012,	-0.000012,	-0.000013,	-0.000013,	-0.000014,	-0.000014,	-0.000015,	-0.000015,	-0.000016,	-0.000017,	-0.000018,	-0.000019,	-0.000019,	-0.000020,	-0.000021,	-0.000023,	-0.000024,	-0.000025,	-0.000027,	-0.000028,	-0.000030,	-0.000032,	-0.000034,	-0.000036,	-0.000039,	-0.000041,	-0.000045,	-0.000048,	-0.000052,	-0.000056,	-0.000061,	-0.000067,	-0.000073,	-0.000081,	-0.000089,	-0.000099,	-0.000111,	-0.000125,	-0.000142,	-0.000163,	-0.000188,	-0.000221,	-0.000262,	-0.000315,	-0.000387,	-0.000488,	-0.000633,	-0.000855,	-0.001219,	-0.002030,	0.000575,	0.000559,	0.000547,	0.000542,	0.000543,	0.000551,	0.000569,	-0.002380
-0.000009,	-0.000009,	-0.000009,	-0.000009,	-0.000010,	-0.000010,	-0.000010,	-0.000011,	-0.000011,	-0.000011,	-0.000012,	-0.000012,	-0.000013,	-0.000013,	-0.000014,	-0.000014,	-0.000015,	-0.000016,	-0.000016,	-0.000017,	-0.000018,	-0.000019,	-0.000019,	-0.000020,	-0.000021,	-0.000022,	-0.000024,	-0.000025,	-0.000026,	-0.000028,	-0.000029,	-0.000031,	-0.000033,	-0.000035,	-0.000037,	-0.000040,	-0.000042,	-0.000045,	-0.000049,	-0.000053,	-0.000057,	-0.000062,	-0.000067,	-0.000073,	-0.000080,	-0.000088,	-0.000098,	-0.000109,	-0.000122,	-0.000137,	-0.000156,	-0.000179,	-0.000207,	-0.000242,	-0.000287,	-0.000346,	-0.000425,	-0.000535,	-0.000695,	-0.000939,	-0.001341,	-0.002237,	0.000634,	0.000615,	0.000600,	0.000594,	0.000595,	0.000605,	0.000626,	-0.002624
-0.000009,	-0.000010,	-0.000010,	-0.000010,	-0.000011,	-0.000011,	-0.000011,	-0.000012,	-0.000012,	-0.000013,	-0.000013,	-0.000014,	-0.000014,	-0.000015,	-0.000015,	-0.000016,	-0.000016,	-0.000017,	-0.000018,	-0.000019,	-0.000020,	-0.000020,	-0.000021,	-0.000022,	-0.000023,	-0.000025,	-0.000026,	-0.000027,	-0.000029,	-0.000030,	-0.000032,	-0.000034,	-0.000036,	-0.000038,	-0.000041,	-0.000044,	-0.000047,	-0.000050,	-0.000054,	-0.000058,	-0.000063,	-0.000068,	-0.000074,	-0.000081,	-0.000088,	-0.000097,	-0.000108,	-0.000120,	-0.000134,	-0.000151,	-0.000172,	-0.000197,	-0.000228,	-0.000266,	-0.000316,	-0.000381,	-0.000469,	-0.000590,	-0.000767,	-0.001037,	-0.001481,	-0.002477,	0.000702,	0.000679,	0.000661,	0.000654,	0.000656,	0.000667,	0.000693,	-0.002909
-0.000010,	-0.000011,	-0.000011,	-0.000011,	-0.000012,	-0.000012,	-0.000013,	-0.000013,	-0.000013,	-0.000014,	-0.000014,	-0.000015,	-0.000016,	-0.000016,	-0.000017,	-0.000018,	-0.000018,	-0.000019,	-0.000020,	-0.000021,	-0.000022,	-0.000023,	-0.000024,	-0.000025,	-0.000026,	-0.000027,	-0.000029,	-0.000030,	-0.000032,	-0.000034,	-0.000036,	-0.000038,	-0.000040,	-0.000042,	-0.000045,	-0.000048,	-0.000052,	-0.000055,	-0.000059,	-0.000064,	-0.000069,	-0.000075,	-0.000082,	-0.000089,	-0.000098,	-0.000108,	-0.000119,	-0.000133,	-0.000149,	-0.000167,	-0.000190,	-0.000218,	-0.000252,	-0.000295,	-0.000350,	-0.000422,	-0.000519,	-0.000654,	-0.000850,	-0.001150,	-0.001646,	-0.002759,	0.000783,	0.000754,	0.000733,	0.000723,	0.000726,	0.000740,	0.000772,	-0.003244
-0.000012,	-0.000012,	-0.000012,	-0.000013,	-0.000013,	-0.000014,	-0.000014,	-0.000014,	-0.000015,	-0.000016,	-0.000016,	-0.000017,	-0.000017,	-0.000018,	-0.000019,	-0.000019,	-0.000020,	-0.000021,	-0.000022,	-0.000023,	-0.000024,	-0.000025,	-0.000026,	-0.000028,	-0.000029,	-0.000030,	-0.000032,	-0.000034,	-0.000035,	-0.000037,	-0.000040,	-0.000042,	-0.000044,	-0.000047,	-0.000050,	-0.000054,	-0.000057,	-0.000062,	-0.000066,	-0.000071,	-0.000077,	-0.000084,	-0.000091,	-0.000099,	-0.000109,	-0.000120,	-0.000133,	-0.000148,	-0.000165,	-0.000186,	-0.000212,	-0.000242,	-0.000281,	-0.000328,	-0.000390,	-0.000470,	-0.000578,	-0.000729,	-0.000948,	-0.001284,	-0.001839,	-0.003093,	0.000879,	0.000843,	0.000816,	0.000805,	0.000807,	0.000825,	0.000865,	-0.003642
-0.000013,	-0.000013,	-0.000014,	-0.000014,	-0.000015,	-0.000015,	-0.000016,	-0.000016,	-0.000017,	-0.000017,	-0.000018,	-0.000019,	-0.000019,	-0.000020,	-0.000021,	-0.000022,	-0.000023,	-0.000024,	-0.000025,	-0.000026,	-0.000027,	-0.000028,	-0.000029,	-0.000031,	-0.000032,	-0.000034,	-0.000036,	-0.000038,	-0.000040,	-0.000042,	-0.000044,	-0.000047,	-0.000050,	-0.000053,	-0.000056,	-0.000060,	-0.000064,	-0.000069,	-0.000074,	-0.000080,	-0.000086,	-0.000094,	-0.000102,	-0.000111,	-0.000122,	-0.000134,	-0.000149,	-0.000165,	-0.000185,	-0.000209,	-0.000237,	-0.000271,	-0.000314,	-0.000368,	-0.000437,	-0.000527,	-0.000648,	-0.000818,	-0.001064,	-0.001442,	-0.002070,	-0.003494,	0.000994,	0.000949,	0.000915,	0.000900,	0.000904,	0.000926,	0.000976,	-0.004120
-0.000015,	-0.000015,	-0.000015,	-0.000016,	-0.000017,	-0.000017,	-0.000018,	-0.000018,	-0.000019,	-0.000020,	-0.000020,	-0.000021,	-0.000022,	-0.000023,	-0.000024,	-0.000025,	-0.000026,	-0.000027,	-0.000028,	-0.000029,	-0.000030,	-0.000032,	-0.000033,	-0.000035,	-0.000036,	-0.000038,	-0.000040,	-0.000042,	-0.000045,	-0.000047,	-0.000050,	-0.000053,	-0.000056,	-0.000060,	-0.000063,	-0.000068,	-0.000072,	-0.000078,	-0.000083,	-0.000090,	-0.000097,	-0.000105,	-0.000115,	-0.000125,	-0.000137,	-0.000151,	-0.000167,	-0.000186,	-0.000209,	-0.000235,	-0.000267,	-0.000306,	-0.000354,	-0.000415,	-0.000493,	-0.000595,	-0.000732,	-0.000923,	-0.001203,	-0.001632,	-0.002348,	-0.003980,	0.001134,	0.001076,	0.001033,	0.001014,	0.001019,	0.001047,	0.001111,	-0.004701
-0.000017,	-0.000017,	-0.000018,	-0.000018,	-0.000019,	-0.000019,	-0.000020,	-0.000021,	-0.000021,	-0.000022,	-0.000023,	-0.000024,	-0.000025,	-0.000026,	-0.000027,	-0.000028,	-0.000029,	-0.000030,	-0.000032,	-0.000033,	-0.000034,	-0.000036,	-0.000038,	-0.000039,	-0.000041,	-0.000043,	-0.000046,	-0.000048,	-0.000051,	-0.000054,	-0.000057,	-0.000060,	-0.000064,	-0.000068,	-0.000072,	-0.000077,	-0.000082,	-0.000088,	-0.000095,	-0.000102,	-0.000110,	-0.000120,	-0.000130,	-0.000142,	-0.000156,	-0.000172,	-0.000190,	-0.000212,	-0.000237,	-0.000267,	-0.000303,	-0.000348,	-0.000403,	-0.000472,	-0.000560,	-0.000676,	-0.000833,	-0.001052,	-0.001371,	-0.001864,	-0.002687,	-0.004579,	0.001307,	0.001231,	0.001175,	0.001151,	0.001157,	0.001194,	0.001277,	-0.005420
-0.000019,	-0.000020,	-0.000020,	-0.000021,	-0.000021,	-0.000022,	-0.000023,	-0.000024,	-0.000025,	-0.000025,	-0.000026,	-0.000027,	-0.000028,	-0.000030,	-0.000031,	-0.000032,	-0.000033,	-0.000035,	-0.000036,	-0.000038,	-0.000039,	-0.000041,	-0.000043,	-0.000045,	-0.000047,	-0.000050,	-0.000052,	-0.000055,	-0.000058,	-0.000061,	-0.000065,	-0.000069,	-0.000073,	-0.000077,	-0.000083,	-0.000088,	-0.000094,	-0.000101,	-0.000109,	-0.000117,	-0.000126,	-0.000137,	-0.000149,	-0.000163,	-0.000179,	-0.000197,	-0.000218,	-0.000242,	-0.000271,	-0.000306,	-0.000348,	-0.000399,	-0.000462,	-0.000541,	-0.000643,	-0.000776,	-0.000957,	-0.001209,	-0.001577,	-0.002149,	-0.003106,	-0.005328,	0.001525,	0.001423,	0.001350,	0.001318,	0.001326,	0.001374,	0.001485,	-0.006325
